AreaID,2022,2023,2024,2025,2026,2027,2028,2029,2030,2031,2032,2033,2034,2035,2036,2037,2038,2039,2040,2041,2042,2043,2044,2045,2046,2047,2048,2049,2050,2051,2052,2053,2054,2055,2056,2057,2058,2059,2060,2061,2062,2063,2064,2065,2066,2067,2068,2069,2070
1,1.0,1.0,0.9515801234091121,0.8299899543106909,0.7203081296949544,0.6748408984952872,0.594229593506404,0.48037122291976986,0.3872598700208091,0.3727077132228394,0.21701995889238704,0.10454953200179094,0.0356567499505273,0.0493927386474789,0.04976883832598986,0.04560374015934091,0.046734376334351464,0.06378394166925751,0.0737561960333399,0.08752841215179709,0.07767635399531696,0.1027796600211365,0.020861268509209552,0.01305756364027618,0.026669828634904386,0.024458498490015267,0.06204864272530344,0.06204864272530344,0.06204864272530344,0.05342345257855041,0.11347362975401891,0.11731420814750158,0.11117239354286246,0.08992743826465838,0.08992743826465838,0.08992743826465838,0.056316834017597496,0.056316834017597496,0.04760809500713018,0.04760809500713018,0.02056260134367324,0.02056260134367324,0.006151303278028836,0.0,0.0,0.0,0.0,0.0,0.0
2,0.9854221570541358,1.0,0.9157800820475764,0.8255175723853396,0.8040124516305476,0.6490396842149739,0.6490396842149739,0.45538646630673424,0.3207225897688578,0.2885418062874784,0.15312628266439451,0.06859467167101742,0.022312439251032573,0.015782262947644836,0.009117162374147026,0.003851881374868172,0.02398708005922893,0.02398708005922893,0.010375140708577195,0.0,0.020883378497810502,0.04845967910546021,0.06795450017656868,0.0729556220400519,0.05916613063844299,0.016308768553634223,0.027771229369391602,0.027771229369391602,0.022961586185675086,0.04322346008888829,0.08356360326242272,0.08032225808617353,0.07077344742439055,0.07077344742439055,0.07077344742439055,0.07077344742439055,0.07077344742439055,0.07077344742439055,0.07077344742439055,0.06471232693343151,0.06471232693343151,0.04942069416500722,0.04942069416500722,0.047239138982446444,0.047239138982446444,0.047239138982446444,0.047239138982446444,0.047239138982446444,0.047239138982446444
3,1.0,0.9696977112212373,0.8823257555432416,0.8059249441364809,0.6914345469282018,0.6040404259175889,0.5346728714346183,0.4999482910402419,0.33823536776687263,0.3071773044357726,0.21627043808236077,0.21260816820926098,0.13611799592135645,0.14560839600065076,0.12945608990418053,0.12945608990418053,0.11060519516272954,0.12594446902027087,0.12594446902027087,0.14061288432537908,0.14371537754379085,0.132206930028334,0.11320060119792395,0.09870065669966889,0.11187865260689635,0.11661891273737764,0.11661891273737764,0.12551842180631476,0.1265901669096889,0.09695672591952485,0.08166639841713182,0.08166639841713182,0.06396050506467964,0.06396050506467964,0.03716968108036013,0.03716968108036013,0.031588121296490176,0.031588121296490176,0.031588121296490176,0.029969781895302177,0.023808681540570746,0.023808681540570746,0.0,0.0,0.0,0.0,0.0,0.0,0.0
4,1.0,0.9614337007427215,0.8843011022497398,0.8416942504242159,0.7158676861883254,0.6023240830062325,0.5645932899836512,0.5385400930692311,0.5310971514709433,0.4153982537409508,0.25789234555665586,0.12380097095164372,0.046668372464982795,0.1173857507114123,0.1304298539585535,0.15540490163743648,0.14727853676638117,0.12955879812540716,0.12621054771114315,0.11245431559267514,0.11116365876768412,0.09291539841408253,0.09291539841408253,0.12563559357526816,0.12563559357526816,0.14429768446747823,0.11390579498072605,0.06079800020583227,0.0716327616375584,0.10358629399294264,0.12171157340875824,0.13118161524676747,0.08848676117112965,0.0724058718363436,0.0724058718363436,0.07066649134477992,0.07066649134477992,0.07066649134477992,0.07066649134477992,0.029281750983906667,0.0,0.0,0.0,0.0,0.0,0.0,0.0,0.0,0.0
5,1.0,0.9568553841282561,0.7476686358500189,0.5795357841095452,0.5581490079651668,0.5741231699037845,0.6009405809365144,0.5565912102373752,0.39489313393621883,0.2987162903020043,0.1846329902033311,0.016500138477109627,0.005128302681453896,0.026097885670557243,0.0,0.015028553432699756,0.06787277849708032,0.06549882548916722,0.08351091931149555,0.12150722410123721,0.12150722410123721,0.11170817232760441,0.06656880459306573,0.08766320356660384,0.08766320356660384,0.11323533197509118,0.11323533197509118,0.1248377287429845,0.11122927127110571,0.11122927127110571,0.10328273289648299,0.10328273289648299,0.10328273289648299,0.10121758482944049,0.09396093127968608,0.0878641660055469,0.0878641660055469,0.0878641660055469,0.08211405802218763,0.06618261734772019,0.0526497447416669,0.04318810970898458,0.03444483587370723,0.03444483587370723,0.03444483587370723,0.03444483587370723,0.03444483587370723,0.03444483587370723,0.03444483587370723
6,1.0,0.9302319020222307,0.8899564586398355,0.9080701487851343,0.7404154068922455,0.6398225617572708,0.4855272308981029,0.34715428644087554,0.2896639980942516,0.16854412351000247,0.1516439132859306,0.013155467550660275,0.03761481725276701,0.02611095617692409,0.047824485942335085,0.05942165209467593,0.04622043928970679,0.04622043928970679,0.0720570569228112,0.06248846115952248,0.024076919576271342,0.04464694808060256,0.02468650217125238,0.02468650217125238,0.043381380076873144,0.060075255615202605,0.07535454884882462,0.08842480310818306,0.127562868484415,0.11080897419100513,0.10261140570991344,0.11461755590349684,0.10968058066780288,0.10968058066780288,0.10724489845014896,0.0777416025468364,0.04676984224209214,0.04676984224209214,0.04676984224209214,0.04676984224209214,0.03162017322415895,0.03162017322415895,0.0,0.0,0.0,0.0,0.0,0.0,0.0
7,1.0,0.9674778250853491,0.8811455224754396,0.8161011727380275,0.785398202434775,0.70166556223076,0.5692518268935198,0.44739564477138455,0.39646147301101775,0.3629246405734803,0.26498523812728336,0.19994088831635945,0.06403329521519394,0.11021548579223868,0.10120000407981189,0.10120000407981189,0.12414266631020145,0.12414266631020145,0.11041832848129221,0.1163184639978932,0.16193508658466396,0.16578589811651118,0.1521722995626847,0.14732576218067003,0.15983931908589288,0.13929830905007765,0.11717054619891781,0.1228547986800864,0.12895817897891587,0.12895817897891587,0.11605286318349385,0.09295305061396401,0.08531747987837139,0.07574578708863107,0.05448351520485256,0.05448351520485256,0.036084415122207676,0.02714247855989035,0.002071277002911185,0.002071277002911185,0.0,0.0,0.0,0.0,0.0,0.0,0.0,0.0,0.0
8,1.0,0.9650634176125122,0.9330896366812419,0.9385183624557408,0.7510741877743625,0.6370353118575669,0.4482213587629532,0.3523000159546877,0.2802088434132633,0.15558501983393247,0.15558501983393247,0.12130749453982201,0.14239303933486908,0.17461647235325423,0.18710892581037128,0.20570950135335447,0.21422859886688395,0.21977893273352278,0.21977893273352278,0.21977893273352278,0.21977893273352278,0.2550867629561625,0.26383378727606294,0.26383378727606294,0.26841144236211384,0.29508635900227415,0.3047409705859982,0.2546527965447521,0.25240540250036725,0.20035737338915233,0.15387662543013023,0.1634066167493045,0.1634066167493045,0.1634066167493045,0.1634066167493045,0.15123784829938383,0.10276967105322461,0.0905425615056152,0.07893688231893313,0.04919898997867973,0.005544115796018669,0.005544115796018669,0.0,0.0,0.0,0.0,0.0,0.0,0.0
9,1.0,0.7986805394142976,0.8162280987301325,0.6511310718255084,0.570488048212906,0.554944081218796,0.5662622208441299,0.5585094882705415,0.4467908024037121,0.35663114582609085,0.251684172456057,0.19361437841031767,0.18714444210561418,0.18275994220143027,0.16937813710601457,0.16937813710601457,0.16235030931419736,0.16516547880232765,0.16516547880232765,0.18048701906550663,0.18048701906550663,0.16802273816359115,0.128079290755028,0.128079290755028,0.1120224734040531,0.10416755658282013,0.09612462089398341,0.1084319761371619,0.1058942813691297,0.10061130633316068,0.07372126091296134,0.06180359474773963,0.04788424758276968,0.03995286872214578,0.02977098671127696,0.02977098671127696,0.025428358660485248,0.019295456115971492,0.019295456115971492,0.019295456115971492,0.019295456115971492,0.008276225715442277,0.0,0.0,0.0,0.0,0.0,0.0,0.0
10,1.0,0.7073002234013264,0.5208023803828339,0.5123591916001876,0.4185508208806466,0.3029292843441681,0.3356270885881658,0.3046917011554195,0.1970186674840017,0.07490183674184953,0.07490183674184953,0.003577635823876185,0.003577635823876185,0.053890861418508684,0.053890861418508684,0.14097425504399005,0.08745568405642606,0.1348632671837329,0.14523461534795024,0.14230818499590536,0.14230818499590536,0.1000950901449246,0.12723108484884102,0.12729572139389125,0.10050712656149129,0.09715739355038892,0.1530714687731652,0.1530714687731652,0.1435922004663606,0.13473399006125383,0.1533446586987241,0.14647357679554732,0.1251445144211609,0.0891328542314471,0.0891328542314471,0.08132406248254154,0.08132406248254154,0.08132406248254154,0.05030074957878173,0.05030074957878173,0.025596716644483302,0.0,0.0,0.0,0.0,0.0,0.0,0.0,0.0
11,1.0,0.8939443437375794,0.8143444650535538,0.7220802897362937,0.5058203887368127,0.5100906445169037,0.40538632198611696,0.30611590741048184,0.25843343020951687,0.2190838900917232,0.21494779062506503,0.1996940810221418,0.03474958365331291,0.02553643870512344,0.00863248946353532,0.026564835909867596,0.01995667050048564,0.04574352449540325,0.05724627396139107,0.03707328786809113,0.0,0.0035686936269394044,0.0035686936269394044,0.004524914151113194,0.005030979767541592,0.02418104382444889,0.05509929712468835,0.08225306784364787,0.06376128720807675,0.08380712930903486,0.08380712930903486,0.0578158760268515,0.052039796874482847,0.052039796874482847,0.04190565988736659,0.04190565988736659,0.04190565988736659,0.04190565988736659,0.04190565988736659,0.03149310790720608,0.03149310790720608,0.03149310790720608,0.03149310790720608,0.005647566217193219,0.005647566217193219,0.005647566217193219,0.005647566217193219,0.005647566217193219,0.005647566217193219
12,1.0,0.9275401445481967,0.7748506992800481,0.7158422503629241,0.6237810843613795,0.5856087230459601,0.5407781712680768,0.4994258803953599,0.4172648943712635,0.36460262761068435,0.2013077783086118,0.0890201088799424,0.018540302598676242,0.03672852832626809,0.03672852832626809,0.03672852832626809,0.03395383185294608,0.056221256263805794,0.05046322374655707,0.04414992031129911,0.06726097649901366,0.012988022421249083,0.04242232764483044,0.061579155386664496,0.061579155386664496,0.07026145209030535,0.07805497247072295,0.09336238083117601,0.11004781999363465,0.11004781999363465,0.1278443528902177,0.12157268390227817,0.09276574973237782,0.06579466716449588,0.06348295832416143,0.051284381272464014,0.051284381272464014,0.050058761140091224,0.050058761140091224,0.050058761140091224,0.050058761140091224,0.03916008295120855,0.0,0.0,0.0,0.0,0.0,0.0,0.0
13,1.0,0.7852758253969424,0.7218351489830712,0.650887504555601,0.690320937881444,0.6709781282096358,0.6053801590290443,0.5344325146196148,0.3570634036000505,0.2506419369458149,0.14422047031763827,0.0852005055354619,0.004291518955959547,0.0,0.017548700217432437,0.030203977283888073,0.03207249393558227,0.07017728865550374,0.07742197495913848,0.07590992478853105,0.09411112372027926,0.08227535193668062,0.10868336213733013,0.12074430279467671,0.1524029456829553,0.13799235091158074,0.14630664030249235,0.10070916381787376,0.11217440224644223,0.11533288654460498,0.15453446744825836,0.13683321317684802,0.13683321317684802,0.13683321317684802,0.1346002708402286,0.11898068044226842,0.08812892204717529,0.07412549417268435,0.07412549417268435,0.07412549417268435,0.06257049754164835,0.06257049754164835,0.05826579249009058,0.05099512731594685,0.05099512731594685,0.05099512731594685,0.05099512731594685,0.05099512731594685,0.05099512731594685
14,1.0,0.914653328581861,0.8887846151193624,0.8561532213562768,0.7843062357687572,0.7133358253985855,0.6454909254615204,0.6028175897476274,0.46817425284462433,0.33104746577203925,0.3512801522358514,0.32013190477319425,0.19211189767974504,0.19211189767974504,0.19211189767974504,0.19211189767974504,0.18071932095615706,0.16156256005666955,0.16156256005666955,0.15330802361002283,0.12885439595108364,0.10104982178357563,0.0900879989245854,0.0964976964794105,0.05719740259118098,0.0872188692379998,0.07445823611399054,0.05513886030519644,0.11845611814014965,0.11845611814014965,0.08617975849554675,0.10328239335440134,0.0929918020273025,0.08425776579593153,0.06133372632560026,0.06133372632560026,0.06133372632560026,0.059963591035704124,0.055090319858490326,0.055090319858490326,0.041702985013739834,0.0,0.0,0.0,0.0,0.0,0.0,0.0,0.0
15,1.0,0.929408282207774,0.9464008581694081,0.9645946897312642,0.6891157332610418,0.4758408536185749,0.4500384896606934,0.3878302604867385,0.33451154058742044,0.17455538061829712,0.1679321346547958,0.09373901895460773,0.0852402110162027,0.10008586133040039,0.12075379857453217,0.12075379857453217,0.08865572511541138,0.15169205815306777,0.15169205815306777,0.1704707007780413,0.17719568525694407,0.14357457617518268,0.14357457617518268,0.14357457617518268,0.16388990216105523,0.16388990216105523,0.11554947960560746,0.11554947960560746,0.11554947960560746,0.11554947960560746,0.175297213203325,0.17053073805883454,0.17053073805883454,0.15334145321935408,0.15334145321935408,0.15017873204016288,0.09175293716513103,0.08815914130844826,0.08815914130844826,0.07887616848070336,0.03022742145464938,0.03022742145464938,0.020255348190196493,0.0,0.0,0.0,0.0,0.0,0.0
16,1.0,0.9884818274708614,0.943502670006391,0.7932907396489252,0.7569689903256014,0.7569689903256014,0.6019972412537608,0.5412964507924363,0.4835990916960056,0.3442535819446302,0.3079318326213068,0.2782857324488767,0.21567778586397474,0.24641086404153972,0.2167703532697205,0.2058214899323576,0.24135544324234545,0.18350437050196758,0.16115832709621933,0.16115832709621933,0.16115832709621933,0.16115832709621933,0.09284379782295879,0.10568943394983059,0.10568943394983059,0.11754739694786724,0.1453050522197238,0.1453050522197238,0.1453050522197238,0.17115000942748695,0.17115000942748695,0.16415751922354405,0.16415751922354405,0.16415751922354405,0.1489810647275647,0.12705172021679337,0.1035286841482728,0.09503040827908457,0.09503040827908457,0.09503040827908457,0.0627917203011411,0.0627917203011411,0.03441514626799785,0.0,0.0,0.0,0.0,0.0,0.0
17,1.0,0.8261916469886109,0.6822000166025438,0.5001367474459992,0.5319976129536559,0.45676788738896634,0.45676788738896634,0.41125207015448634,0.28733017617988527,0.17406081715232352,0.033574443064224295,0.0223171806310435,0.001756576846921173,0.03427189983263939,0.0,0.019409626071468046,0.03132743516987456,0.0873707294224871,0.12543907173077834,0.12543907173077834,0.11862937658566951,0.11615042398645455,0.13221117776084038,0.13311516259285217,0.15209567303168,0.15209567303168,0.12594273767549977,0.12594273767549977,0.15349151442243555,0.17172274366380694,0.16245083258079268,0.16245083258079268,0.1367383700350579,0.1367383700350579,0.12973935851509363,0.12098323360574186,0.12098323360574186,0.12098323360574186,0.10698832801924334,0.10698832801924334,0.10235344831630884,0.04642608094260731,0.04642608094260731,0.04642608094260731,0.04642608094260731,0.04642608094260731,0.04642608094260731,0.04642608094260731,0.04642608094260731
18,1.0,0.9537135431713133,0.9297380899450631,0.9619593017695606,0.8739048256946225,0.7783597146956536,0.7044701079327637,0.5768537388398882,0.4541202193494202,0.3693834500848935,0.30823784966731643,0.2692048939962236,0.16721815408646748,0.16721815408646748,0.19797233218934795,0.16889748023994844,0.20558044564305344,0.20197433648015528,0.2119624220938197,0.2119624220938197,0.22825109083907572,0.24148909587150943,0.25450701598260467,0.24237336826686895,0.23648853964103797,0.21207549820312163,0.21207549820312163,0.20532634771690297,0.20532634771690297,0.22190326383164727,0.22190326383164727,0.19831822652765724,0.19831822652765724,0.19513503202701102,0.18677172922809274,0.18677172922809274,0.1447463351348193,0.10658096571960586,0.09453933011515729,0.08320112465853324,0.0663332521161261,0.0663332521161261,0.01312006764887234,0.0,0.0,0.0,0.0,0.0,0.0
19,1.0,0.9812863701394713,0.8766328365767965,0.7784656605680308,0.7915344373754176,0.7455796300826486,0.6011369302763094,0.5300681318996773,0.4598480226218852,0.43570991091648753,0.28999851624590406,0.22563441334889087,0.10957669871626684,0.1447894961869499,0.12298444081461107,0.09090718057767509,0.1318281235907908,0.11610084979655308,0.12937668476567712,0.13865109128892075,0.19216599272699575,0.18323278537836704,0.18323278537836704,0.1769822686951483,0.1321113258984057,0.15099580310592878,0.13972393212719958,0.16388746206494875,0.1674934682890468,0.1674934682890468,0.181336687623118,0.18014731225947908,0.1747510607633497,0.1747510607633497,0.13557587087048167,0.03697088359699767,0.03697088359699767,0.03697088359699767,0.031203736151206224,0.031203736151206224,0.026246987132044007,0.004896473818492602,0.004896473818492602,0.0,0.0,0.0,0.0,0.0,0.0
20,1.0,0.9679907627540199,0.9617858572853921,0.8292991167806534,0.7492355296876217,0.6761159808443934,0.6761159808443934,0.6179073260564185,0.42664234581843385,0.3559581301924603,0.31837649786496935,0.24121161300537264,0.06705793295558342,0.08888088043751258,0.08888088043751258,0.10623922458208682,0.10623922458208682,0.07762893839104773,0.07082143285936401,0.08770193898054122,0.06961448985420898,0.06876633512767547,0.08058029682512036,0.0704742125187155,0.08599988018815811,0.06046454640454833,0.07611744985148855,0.07088068175706116,0.06864581319410756,0.06864581319410756,0.06864581319410756,0.06864581319410756,0.06864581319410756,0.048275839423472765,0.048275839423472765,0.02960366256286398,0.02960366256286398,0.02960366256286398,0.02960366256286398,0.02960366256286398,0.021265558810066327,0.021265558810066327,0.0,0.0,0.0,0.0,0.0,0.0,0.0
21,1.0,0.9496250242796106,0.8233572414821417,0.7282308493872911,0.6675507701773299,0.6674497601916954,0.6288237250466038,0.5624615890690389,0.5202193011232712,0.36571516050798103,0.24605726314509396,0.25987309429932903,0.08971368435970258,0.11136383884953581,0.12062785455426513,0.12062785455426513,0.13342976798004472,0.12654184691516604,0.12654184691516604,0.12654184691516604,0.16993802750928994,0.12238386720850476,0.13996369008191736,0.1559234026037625,0.17831961731450557,0.17831961731450557,0.1179020977474642,0.11138518669766181,0.08110532124296017,0.09053055683981205,0.11956421746444393,0.11956421746444393,0.0768032327084244,0.06857655917751525,0.06577077074910764,0.02382605212154185,0.02382605212154185,0.02382605212154185,0.02009597005282927,0.02009597005282927,0.02009597005282927,0.02009597005282927,0.02009597005282927,0.0,0.0,0.0,0.0,0.0,0.0
22,1.0,0.8378478379969055,0.7971844831492269,0.7539761182781455,0.6642646484521693,0.6031004553485105,0.5299953054654554,0.5077526809574252,0.4145092354755485,0.313349878257459,0.20789459079430728,0.03990023215356401,0.029436925293242718,0.039396602400081644,0.0564914955280079,0.0787583863778135,0.0787583863778135,0.11502377446493771,0.12469251172998977,0.15398159950893012,0.15398159950893012,0.17041649195612024,0.18179544613179216,0.16069958502380685,0.16649288629380918,0.16649288629380918,0.19377403485391637,0.16965180545104194,0.17852585752156638,0.17852585752156638,0.17852585752156638,0.18980977778155836,0.1807296304732459,0.1807296304732459,0.17171407475480435,0.15686076862716186,0.1542020646262274,0.1542020646262274,0.05177323621039798,0.034572406697247406,0.0,0.0,0.0,0.0,0.0,0.0,0.0,0.0,0.0
23,1.0,0.9331105743413222,0.899665861502533,0.758371638330806,0.7575152727007427,0.661878513369653,0.5201550075547208,0.48238453624474026,0.40239172908901844,0.3225430808383401,0.22220894231252378,0.19840290100517236,0.12740782748258891,0.09241662657695429,0.1024261400835313,0.08957450779301006,0.07773870346828106,0.07773870346828106,0.07773870346828106,0.07773870346828106,0.06120857975085365,0.08558184351661415,0.07063353740479758,0.08452978242828336,0.09805397260244399,0.10571718435469857,0.08974215656504107,0.08906955949942506,0.08906955949942506,0.10016608285995995,0.10837572469144935,0.10837572469144935,0.09662209987514801,0.09662209987514801,0.09662209987514801,0.08832989402759611,0.08832989402759611,0.07281450039819233,0.07281450039819233,0.035725382713211316,0.00893435754232132,0.0,0.0,0.0,0.0,0.0,0.0,0.0,0.0
24,1.0,0.957031371750819,0.9030180191819898,0.6452062496213452,0.6022376213964453,0.6164141711271601,0.5002270566258453,0.45394953580433206,0.4471428048783461,0.3182369201308032,0.26876950052672355,0.15930370655606027,0.06740215387288041,0.06740215387288041,0.05205847719012914,0.06261101778339581,0.06261101778339581,0.02717255891550083,0.03703507421522199,0.02992851913228339,0.02186829776329585,0.04218168518923533,0.03435397362696484,0.0,0.0175060100084168,0.012201995285548677,0.0307478179829778,0.07173651638833883,0.07466258152694344,0.13983803132223283,0.13983803132223283,0.16708053062775735,0.161107975439828,0.161107975439828,0.161107975439828,0.161107975439828,0.1503204309753615,0.1503204309753615,0.1503204309753615,0.13438511814941265,0.13438511814941265,0.09623798203152462,0.09367267545650672,0.06027989109407721,0.06027989109407721,0.06027989109407721,0.06027989109407721,0.06027989109407721,0.06027989109407721
25,1.0,0.9499488422014059,0.8497214974748956,0.8497214974748956,0.7704207035497792,0.6615102410617018,0.5863206843505933,0.5938437490583589,0.5703279607668401,0.4878580252872928,0.3151362651100409,0.20950432314196382,0.12947519143686448,0.09036765419473511,0.09036765419473511,0.04827710599125125,0.04712561828442418,0.055293279250766346,0.09976078236472999,0.10712248465692624,0.10024180291280736,0.10024180291280736,0.08688972441186682,0.07179520623202088,0.060824043767848716,0.060824043767848716,0.10005570026615047,0.10005570026615047,0.10732322463065765,0.13659529488969738,0.14082537346518356,0.16112741506411704,0.16112741506411704,0.16112741506411704,0.12897421732160783,0.12012240497650947,0.09488019935733308,0.03991502004942147,0.026518426995935873,0.026518426995935873,0.026518426995935873,0.026518426995935873,0.022530788031499806,0.0,0.0,0.0,0.0,0.0,0.0
26,1.0,0.9636328261400172,0.9510073405736731,0.739829152893075,0.7034619790536429,0.5696749345653364,0.5299873259756971,0.527679083286272,0.4185775617063238,0.30237924988845455,0.3268456449954945,0.2901219547624761,0.21738760702195992,0.2026802411020829,0.21501949283504726,0.21316890289235388,0.20069404885082026,0.21998937342450522,0.2126835503407901,0.20436105196446716,0.18806760743927162,0.19365688567385825,0.06213745685022204,0.07549553759007613,0.061591664850964484,0.07939204551314831,0.11358760616700311,0.11994389072995147,0.10358076452113193,0.10358076452113193,0.12999754848055065,0.10129279044382553,0.10129279044382553,0.10129279044382553,0.10129279044382553,0.06499484419912237,0.04009784211708629,0.04009784211708629,0.03569888792880401,0.03569888792880401,0.03569888792880401,0.03198147907976182,0.008279023680289195,0.0,0.0,0.0,0.0,0.0,0.0
27,1.0,0.9391555629004527,0.7459235835460127,0.6737853488114279,0.6134837639779934,0.5989831473067576,0.5170048255212377,0.4053094384695977,0.3488084034768674,0.3516369625286571,0.3516369625286571,0.3261850633185812,0.23608798910925852,0.23608798910925852,0.23689715072112552,0.23486232019307607,0.18882714904299233,0.18882714904299233,0.18763077945765197,0.19565391627728576,0.2029554778080277,0.2029554778080277,0.2004657374768297,0.06266034752702818,0.03400043880948227,0.03400043880948227,0.04695509719401274,0.04695509719401274,0.06406986838346802,0.06881651602526256,0.09477365405767271,0.1017028311307541,0.09075212234788874,0.08307818413682712,0.08307818413682712,0.08307818413682712,0.06974734186754118,0.06024552602373175,0.04696447666782721,0.03486234651573785,0.03486234651573785,0.019242417509832133,0.0,0.0,0.0,0.0,0.0,0.0,0.0
28,1.0,0.9312935677096393,0.8139053504559746,0.7056926863924079,0.5127316367086971,0.4978337933843537,0.5143178965962442,0.5143178965962442,0.41465790323320034,0.3935288141380693,0.2271804839575236,0.10694854693446593,0.0,0.024608351832816615,0.01643684829939987,0.030006931695200578,0.028614923425560705,0.011534542225179373,0.009958437853658178,0.005290169511308052,0.026031933194222503,0.09607022388566042,0.0920162902693835,0.08496897455949996,0.09400068358683221,0.09400068358683221,0.08936251285434418,0.08709551578215677,0.09913864355954682,0.11299001344024091,0.11930704452329707,0.11938397222572115,0.11938397222572115,0.11938397222572115,0.11938397222572115,0.11938397222572115,0.10660106069176002,0.10660106069176002,0.10660106069176002,0.10660106069176002,0.10264242958933899,0.0913998651409574,0.0913998651409574,0.0913998651409574,0.0913998651409574,0.0913998651409574,0.0913998651409574,0.0913998651409574,0.0913998651409574
29,1.0,0.9543969347984087,0.7796131209598164,0.690869617045078,0.6270062344047014,0.5060296029057253,0.3742024556553483,0.30974523054586267,0.25343640071638046,0.17260483089618928,0.13830818143716794,0.0797297085587749,0.02765488588580628,0.03051725006491149,0.0420338585463238,0.0420338585463238,0.07270655117020243,0.08263121545055581,0.08263121545055581,0.056816508246241265,0.06313678854755335,0.0215144197776386,0.0215144197776386,0.019603145459810255,0.019603145459810255,0.0,0.01255554313293776,0.02608036431658548,0.031613877215525055,0.053581459615180634,0.053581459615180634,0.0650516379630979,0.0650516379630979,0.0650516379630979,0.0650516379630979,0.0650516379630979,0.05016215841808122,0.042929689856771654,0.042929689856771654,0.04207338698642289,0.04207338698642289,0.03589637001010489,0.03589637001010489,0.01979365708345877,0.01979365708345877,0.01979365708345877,0.01979365708345877,0.01979365708345877,0.01979365708345877
30,0.9896095599810889,1.0,0.9215000172662269,0.875469007498926,0.8362190161276036,0.7577190333783049,0.6007190679240669,0.4669543881700381,0.38845440545400894,0.30641644621844305,0.12892027932612776,0.08752212014859971,0.005443532005489938,0.0,0.013530544059586055,0.005329520087294204,0.005329520087294204,0.049573030743090205,0.049573030743090205,0.0898280940660303,0.15458884011464555,0.16858558497175027,0.18031016494696978,0.1821096515907864,0.1821096515907864,0.1936134885328826,0.20425806238517996,0.24657932925572637,0.26385258963992936,0.270750143800132,0.270750143800132,0.2031064680172164,0.2031064680172164,0.2031064680172164,0.19642752716100878,0.1793580520883649,0.1793580520883649,0.17353184607418465,0.17353184607418465,0.17353184607418465,0.17030725918970388,0.1437165065272498,0.1437165065272498,0.12370020396129176,0.12370020396129176,0.12370020396129176,0.12370020396129176,0.12370020396129176,0.12370020396129176
31,1.0,0.9063638125025114,0.858304683945871,0.7352758559297573,0.6795352798895758,0.5923190385621625,0.5267756814105866,0.5647511641729405,0.47568704207448764,0.32571141185174446,0.20527677220612703,0.20527677220612703,0.1488475237377094,0.04940485344210109,0.09562922987111569,0.1104047041813182,0.0943579609361371,0.09202722808061645,0.09202722808061645,0.1421769564309476,0.13161026665410652,0.12394050306954188,0.10198978569657388,0.1052347816452965,0.05347713879476005,0.0734959294937379,0.049281510324317886,0.0910303647766069,0.0870513806984545,0.08526031054041452,0.08526031054041452,0.08526031054041452,0.053495274110016776,0.053495274110016776,0.04860313385294314,0.04860313385294314,0.04860313385294314,0.047286416702503484,0.03921233512662869,0.03921233512662869,0.030590757608211554,0.030590757608211554,0.0,0.0,0.0,0.0,0.0,0.0,0.0
32,1.0,0.9174418415427216,0.850100173190533,0.7479430694975381,0.6787313684013179,0.6377304236936395,0.5685187225661305,0.569398372834059,0.4264661832076977,0.3829684293333628,0.4387773829873645,0.3424917395232037,0.1900274526839886,0.20867142056664412,0.20867142056664412,0.19433474567360154,0.1744726994811018,0.17122317939078938,0.1623143588779334,0.18638320930855548,0.15367983182410505,0.09416517947474468,0.0790797171237908,0.06670023960616348,0.07766017731778711,0.05992009750674533,0.0500055841430888,0.058846164475149995,0.07144966173373506,0.08111906683556261,0.08536686985509324,0.08536686985509324,0.08055672438992557,0.08055672438992557,0.08055672438992557,0.08055672438992557,0.05182581632813372,0.05182581632813372,0.037149459567952854,0.03218681358191958,0.03039950943713906,0.01841486119951841,0.0,0.0,0.0,0.0,0.0,0.0,0.0
33,1.0,0.8465284906793242,0.789384845024422,0.7624076205059881,0.736514303875979,0.6412029997378074,0.5954316573419545,0.6007054736711817,0.6242560559421576,0.47550138648977197,0.47550138648977197,0.36104901666336314,0.315855986344276,0.28251624369670547,0.2939589150278975,0.2939589150278975,0.24362935479700965,0.25076920606899766,0.24390498937897745,0.24874451840415568,0.24874451840415568,0.2546755202880466,0.24659111257487049,0.11518462537444203,0.12018148253091018,0.11423883575190136,0.12672360057415466,0.12025826649165956,0.11037874573058525,0.10183014080617753,0.07809609892834447,0.07809609892834447,0.07163611588507454,0.07163611588507454,0.07163611588507454,0.04480380256944101,0.019073773363372067,0.012320656096043365,0.012320656096043365,0.012320656096043365,0.012320656096043365,0.012320656096043365,0.012320656096043365,0.0,0.0,0.0,0.0,0.0,0.0
34,1.0,0.9297233941976791,0.7444720294608358,0.7074217565180733,0.5978126752184474,0.5945750147360243,0.4397176640681045,0.3961234547008423,0.3538458018929684,0.27374139193890945,0.16298088247786585,0.08888033659443446,0.014779790708908998,0.040686359943849434,0.03248436131373646,0.01282670919911226,0.0234273243161387,0.0234273243161387,0.0234273243161387,0.03685050802333825,0.008617496062846218,0.008617496062846218,0.0,0.023430814437349158,0.023430814437349158,0.020307785527888308,0.07818406709378392,0.09343431843884417,0.11309652095939342,0.12819599932525616,0.13903797869993248,0.15033575557875908,0.13959241457333893,0.12007591733781754,0.08800844973225329,0.08230774840121438,0.08230774840121438,0.0736390183328052,0.0674654829431667,0.0674654829431667,0.04501020084468416,0.04501020084468416,0.042436081122141596,0.03271982801599211,0.03271982801599211,0.03271982801599211,0.03271982801599211,0.03271982801599211,0.03271982801599211
35,1.0,0.9008420775849258,0.8829534247557561,0.82816081910097,0.6770398044227685,0.46709724756720394,0.4733887176886834,0.4496381857433784,0.3630883032443903,0.32446750104052197,0.27601765439984893,0.1801362651758518,0.045533821365125286,0.045533821365125286,0.04886465461878829,0.045353010388594364,0.045353010388594364,0.0,0.010558596119772246,0.051895711823459895,0.11017997568842605,0.11017997568842605,0.11017997568842605,0.11736134578198745,0.14016095917065025,0.1307451969188386,0.1307451969188386,0.1307451969188386,0.14324860921527216,0.14765911637403048,0.15607916659815216,0.16077140840783488,0.15283337485788978,0.14460781585475077,0.14260163362121242,0.14260163362121242,0.13949707156285604,0.11627011375086178,0.11189849250779225,0.11189849250779225,0.09962753893636017,0.09962753893636017,0.08710965845997277,0.08710965845997277,0.08710965845997277,0.08710965845997277,0.08710965845997277,0.08710965845997277,0.08710965845997277
36,1.0,0.8310159871925049,0.7895210433658576,0.7124774277627499,0.6038728350960402,0.48348429468763154,0.5060969386950624,0.4311777121901701,0.2939589263476022,0.24428663252624472,0.20808510172598935,0.21006262775171147,0.2303222254944418,0.2303222254944418,0.20364970214469177,0.13048694378098297,0.1112836449625269,0.08742439192146949,0.08742439192146949,0.0887958288806573,0.0887958288806573,0.08514791613430713,0.08514791613430713,0.06926098800888056,0.10189873572426013,0.12116513528187572,0.12116513528187572,0.13504170445867267,0.13879039218692418,0.13879039218692418,0.14467224299256468,0.13011762312903277,0.10896475082709266,0.10896475082709266,0.10062544155281256,0.09499160179354874,0.0686741293548947,0.0686741293548947,0.05553388315168975,0.05553388315168975,0.045566751868011277,0.045566751868011277,0.041173740256155125,0.0,0.0,0.0,0.0,0.0,0.0
37,1.0,0.994125631882045,0.9431495598371544,0.8523297255500524,0.7371236155210272,0.5820084216572913,0.5820084216572913,0.5259126238480278,0.4391742551567897,0.23002800023477332,0.19302891529829233,0.1396718176129591,0.0,0.03902534348402183,0.06953249140357831,0.06953249140357831,0.06953249140357831,0.07673768938252758,0.07673768938252758,0.07673768938252758,0.12001616253805909,0.12288167670401313,0.13458910685831554,0.10379405366277547,0.08541903386547363,0.10698011058665861,0.10698011058665861,0.1214022331609769,0.11194490658113668,0.1198877345130688,0.1198877345130688,0.12763417899686894,0.11297580514559186,0.1049922963551727,0.1049922963551727,0.07378040274161084,0.06179603730732755,0.058136447074201784,0.058136447074201784,0.058136447074201784,0.058136447074201784,0.05523911929457404,0.010968183088452987,0.010968183088452987,0.010968183088452987,0.010968183088452987,0.010968183088452987,0.010968183088452987,0.010968183088452987
38,1.0,0.8877447581180721,0.824542329788554,0.8166877925653209,0.725328515185465,0.5867396243731747,0.5823903302380052,0.49281683986816044,0.4191099149913861,0.3503205733351991,0.2815312316731816,0.18249591719099598,0.07931190474170068,0.07399783911046695,0.11424586122697522,0.12542047827986996,0.13153386585065627,0.13153386585065627,0.14527740082529494,0.05127585466794145,0.06164673736204431,0.08373907076849013,0.08209306428345421,0.07959647143718092,0.07959647143718092,0.09136764671226809,0.09136764671226809,0.08846544165689607,0.11510410912054875,0.0907852650996905,0.11726383423375475,0.10133206423683948,0.08840258651527992,0.07485980896602397,0.042446436641399535,0.04022977874484823,0.016357894144091174,0.016357894144091174,0.010489418594959589,0.010489418594959589,0.010489418594959589,0.006973636638815106,0.0,0.0,0.0,0.0,0.0,0.0,0.0
39,1.0,0.9346389565363986,0.7712363478949392,0.7604114544366435,0.6746914023272289,0.6093303588396203,0.4550159324739139,0.40536041245200416,0.38675354319054767,0.29987799421345895,0.20183642900420626,0.1384525582721952,0.06649819889482043,0.06649819889482043,0.09565033755310429,0.12095025226721813,0.12095025226721813,0.13737259235032642,0.1420045589688895,0.17795724420044512,0.17795724420044512,0.17794128733313233,0.22095538861129893,0.25296686010202596,0.25296686010202596,0.2599269529769704,0.1998457388633649,0.2138620264104755,0.09569716558876105,0.09326224195227,0.10071618112258261,0.08959623606767893,0.08823029447684132,0.04436898232706691,0.04436898232706691,0.04436898232706691,0.038628737457258415,0.038628737457258415,0.038628737457258415,0.038628737457258415,0.02650962279571357,0.016595567125593406,0.01120922460935649,0.0,0.0,0.0,0.0,0.0,0.0
40,1.0,0.9612750174966768,0.9545715719434207,0.8693430623323954,0.8296244172675679,0.8296244172675679,0.7885011360571449,0.6232061023100309,0.45153304884821666,0.3599487640765951,0.26537229533292866,0.1757632221596685,0.10659418130259053,0.11774577869617518,0.12324460816914196,0.13751401980803177,0.1585854959615287,0.13121486404458083,0.04343360599503242,0.036598033446601404,0.02642107120691746,0.03025546651594678,0.04545205003154823,0.032343829927396796,0.032343829927396796,0.022435564551918266,0.028303374978689733,0.03819973865504139,0.010676329929670225,0.016531772347812855,0.04800965950589394,0.05534422957155258,0.05534422957155258,0.04925126686835219,0.047371083296585945,0.047371083296585945,0.047371083296585945,0.02619656438122659,0.02619656438122659,0.02619656438122659,0.024439108504270585,0.021385864546650823,0.0015417280841203646,0.0,0.0,0.0,0.0,0.0,0.0
41,1.0,0.9511842886416623,0.9511842886416623,0.8404527454628954,0.7299317705116656,0.7299317705116656,0.6893689608688631,0.6367513589656092,0.45846173005379703,0.2718466502515933,0.14764451274585652,0.15133878871049805,0.09156755655508118,0.10524353667081163,0.10524353667081163,0.020696864663719502,0.0286473965106046,0.00029478408587549164,0.00029478408587549164,0.032232564610656905,0.03878437533612039,0.03878437533612039,0.05821299524463731,0.05821299524463731,0.05041628002992569,0.04125402080037875,0.03576383546529813,0.02416850392938218,0.02416850392938218,0.02416850392938218,0.0768440042042731,0.0768440042042731,0.06982317228566538,0.06856982489976021,0.06475649456210988,0.06413948182447672,0.06413948182447672,0.05812931757897743,0.05812931757897743,0.05812931757897743,0.043487610401786364,0.021721187374460334,0.0,0.0,0.0,0.0,0.0,0.0,0.0
42,1.0,0.9420082197317305,0.7455333573066871,0.6193618286719996,0.47610139565050724,0.42571004514790245,0.4250518102083555,0.3414134102526682,0.27382580857548755,0.2435333192414619,0.1089387045796598,0.0034033389123815662,0.010593760210028036,0.03767427553712749,0.03565687492935764,0.03295817496935767,0.028092470550999418,0.04695007099146223,0.0,0.013661596417520147,0.03348645683699805,0.054881240653045095,0.027450992409066895,0.020851682394466966,0.03542591485808253,0.04043697450451637,0.07468613602344763,0.07468613602344763,0.06657724208552193,0.06657724208552193,0.05260161762415629,0.109911160212466,0.09270079235619522,0.09270079235619522,0.08195692877631994,0.08195692877631994,0.08195692877631994,0.08195692877631994,0.0806906097927943,0.0806906097927943,0.0806906097927943,0.0806906097927943,0.06694738472633736,0.049114769568988796,0.049114769568988796,0.049114769568988796,0.049114769568988796,0.049114769568988796,0.049114769568988796
43,0.9935861283682071,0.953885688290187,1.0,0.8808986798489474,0.6881702676201298,0.6295467873880798,0.5772076430369258,0.518525393773442,0.39211157598151425,0.39211157598151425,0.32728893424293226,0.2025423352685462,0.16284189518155268,0.16748025209371017,0.17932621465303164,0.18794360935304472,0.2116045096501805,0.16875683205104972,0.1585364765604381,0.1585364765604381,0.1865114348836923,0.1865114348836923,0.13966824932427863,0.13966824932427863,0.13966824932427863,0.11728502752602653,0.11373027054754586,0.09634501440564516,0.09510506738866673,0.14185530023620488,0.17487638238631056,0.16469531752206637,0.14787250648431252,0.11211260899176899,0.11211260899176899,0.11211260899176899,0.11211260899176899,0.11211260899176899,0.0995065479298416,0.028314750434213113,0.0,0.0,0.0,0.0,0.0,0.0,0.0,0.0,0.0
44,1.0,0.9796075292630894,0.8969283130483979,0.775215515222032,0.593205046136379,0.6272525893457169,0.5152481993790667,0.4476261402242646,0.40309435908254704,0.24528311548036663,0.20203594542418987,0.09002488454099086,0.0544165294152316,0.034149543230885857,0.030021291612714072,0.030021291612714072,0.013330615176467539,0.000741607818901177,0.01804036718368696,0.08644745907551864,0.08644745907551864,0.055068281117040284,0.07337629370013636,0.08768399976129446,0.13293361839676632,0.13293361839676632,0.1337176878396333,0.1337176878396333,0.1337176878396333,0.1544048690374248,0.13083846256276263,0.10807999636940976,0.09370285909443694,0.09370285909443694,0.08530165290882162,0.08530165290882162,0.07533164208016195,0.07533164208016195,0.02227821272029288,0.02227821272029288,0.011012733686386472,0.011012733686386472,0.0,0.0,0.0,0.0,0.0,0.0,0.0
45,1.0,0.966948777886796,0.9299600175498889,0.7578015976171365,0.674544629179984,0.5733139392816048,0.4900569708444524,0.405170187897642,0.22036318125796117,0.2013412451643486,0.11808427675072002,0.12488545266748996,0.0,0.02050516799323258,0.08533538783769422,0.10710758134956759,0.11016908396165326,0.10525893973819961,0.07779428349630438,0.06806140344518673,0.07957944802505393,0.10224512992866173,0.06376912815243724,0.07164564694449159,0.06796462366050925,0.08037529675615468,0.09362405938301445,0.09362405938301445,0.10637882811690848,0.12649812790304465,0.1391101399841773,0.1351109841181106,0.1265207010601078,0.11622530902166996,0.11622530902166996,0.10278264152461655,0.10278264152461655,0.08028740918957158,0.07459266775196668,0.05803262190650005,0.05608056136742488,0.05608056136742488,0.04172434324900297,0.0229900446206129,0.0229900446206129,0.0229900446206129,0.0229900446206129,0.0229900446206129,0.0229900446206129
46,1.0,0.8358243203565796,0.8026173553114863,0.7322822817601764,0.7322822817601764,0.5652450765971416,0.512171039979467,0.4583834215302993,0.44976009030122116,0.3453526210537295,0.28813852359144476,0.24220143366516309,0.06192163557370739,0.05748716208591252,0.06331107041305424,0.07218503556139978,0.07218503556139978,0.08889559476632834,0.08889559476632834,0.08367563020782504,0.08959886023645786,0.07474505919710088,0.0362374063372807,0.0362374063372807,0.06427878828575069,0.06427878828575069,0.09202705673432589,0.11623100264584674,0.12228438140078746,0.10195023679043863,0.11680474836558778,0.11680474836558778,0.11680474836558778,0.113261860022431,0.113261860022431,0.11112174704856446,0.0828925539488827,0.07624057376496746,0.03550395745245639,0.030013538242198323,0.0168261461752295,0.0,0.0,0.0,0.0,0.0,0.0,0.0,0.0
47,1.0,0.9260603335249118,0.857620478607361,0.7454952633423265,0.714554339820753,0.5803364498443785,0.4968347917089519,0.3852472257753457,0.3593186302248488,0.334289662032023,0.2674163035609051,0.20553445650901603,0.08956255713421712,0.08956255713421712,0.05902905799936309,0.05666214535774542,0.06711845835614519,0.06711845835614519,0.05997951446394844,0.041495856828353585,0.04641041410390835,0.04641041410390835,0.04409897676221459,0.060336269063429794,0.056874963386355504,0.08645849052509934,0.07772787219793051,0.07772787219793051,0.09646046197738756,0.059858394446174884,0.07016300419463614,0.10678691333610173,0.10678691333610173,0.0953115513679548,0.0953115513679548,0.0953115513679548,0.07278608751115884,0.06972571178246623,0.0584949338865726,0.041810771494078934,0.018318644026663344,0.018318644026663344,0.0,0.0,0.0,0.0,0.0,0.0,0.0
48,1.0,0.8729254964889087,0.6907336896612467,0.5796590543842159,0.3427057880140918,0.2860991549800625,0.27614495972767966,0.26755989713810274,0.31331175547365236,0.3552856987735432,0.23745330315354563,0.21472359486437986,0.04801683658869953,0.07673873558187205,0.0542896078531616,0.03356299387266428,0.01747842372696636,0.0,0.009904397495713554,0.025659111814246745,0.04299540362988663,0.052663166019008174,0.029505824190980308,0.0482005580100019,0.0666298469372499,0.08369105924967907,0.0907331284298967,0.07393640620123665,0.08358664227361973,0.0739030102934186,0.0739030102934186,0.06259891974449643,0.05646259511754548,0.05646259511754548,0.05646259511754548,0.05399044745524703,0.05399044745524703,0.03786160092034275,0.03786160092034275,0.03786160092034275,0.024367207185546424,0.02198498077501714,0.00948871782736067,0.001360758047965964,0.001360758047965964,0.001360758047965964,0.001360758047965964,0.001360758047965964,0.001360758047965964
49,1.0,0.9222048162369204,0.8521009028386862,0.8750605345924334,0.800012875022814,0.6477100416567733,0.6350514859541774,0.5649475725361354,0.5524315292479078,0.44727565912084516,0.37717174572261125,0.147387829029923,0.1089076676846149,0.06749646268450409,0.05425919913597917,0.051201121734420416,0.04458613749373406,0.07605033796547855,0.06565103212117848,0.042603523121104735,0.03514715749381825,0.006568561897108707,0.0,0.024006368296250073,0.04369196059744736,0.050101429011614,0.07155955516027811,0.07155955516027811,0.10576460110670843,0.13615085433887336,0.1418210308831211,0.14892286502351576,0.14375671462367773,0.1252928448142766,0.1252928448142766,0.11009307315417208,0.0892476576055384,0.0892476576055384,0.08524474366582306,0.0697945019921994,0.0697945019921994,0.0697945019921994,0.04762371966620117,0.045814508250253544,0.045814508250253544,0.045814508250253544,0.045814508250253544,0.045814508250253544,0.045814508250253544
50,1.0,0.9385506337844196,0.856008493269917,0.7704855878365805,0.6783115384246624,0.5775603375461423,0.4698939463047721,0.3469952136999889,0.2530521689227085,0.24013250714450066,0.11723377456749692,0.15129460369849923,0.12404492105990889,0.12662537144109698,0.13416895044984783,0.05434254938867777,0.08691316781595515,0.08611906005731168,0.09392797965573099,0.09392797965573099,0.09392797965573099,0.1278564630611091,0.14559369485409718,0.11577126512702261,0.08382960262296836,0.08093707563569429,0.09997651677394044,0.10596080852492909,0.08399895081672196,0.08498288827903377,0.10194571774279075,0.10194571774279075,0.10194571774279075,0.10011271053249313,0.10011271053249313,0.09411889260401538,0.07388242532367247,0.064609103065669,0.05943342846637516,0.04803889582324557,0.04231652678876155,0.0,0.0,0.0,0.0,0.0,0.0,0.0,0.0
51,1.0,0.8887256285738385,0.7537037810439611,0.6616323202349642,0.6616323202349642,0.6371060021220429,0.550631648013085,0.4156098004832075,0.4333472937777376,0.358285011491994,0.23744235055431365,0.020432489454682935,0.0,0.015830997020313604,0.038894161736410374,0.0391024454950537,0.062231326754979194,0.062231326754979194,0.08965470991489731,0.08965470991489731,0.07245243396067692,0.09206807593411323,0.12756348281368535,0.12756348281368535,0.07146665042572138,0.11380835455700154,0.11380835455700154,0.14212427712893705,0.17777995836325194,0.20911335470969,0.21615062658503043,0.21615062658503043,0.1823947679197084,0.16114613441433662,0.16114613441433662,0.16114613441433662,0.15502651608526183,0.14265181278653927,0.13720775560944443,0.10918377569220293,0.0809598989340663,0.060424043057351155,0.05582799572689125,0.05123457673630208,0.05123457673630208,0.05123457673630208,0.05123457673630208,0.05123457673630208,0.05123457673630208
52,1.0,0.9949992940377211,0.9821683951745995,0.8801772282240116,0.7999469754470655,0.6910636566382218,0.6285352784874124,0.6002264964300824,0.548464910475692,0.453868751477861,0.42908744626795947,0.30169211070193064,0.22809159715571178,0.2436621351961432,0.22240031073468924,0.22006546108620229,0.1370327848745627,0.14842075522423998,0.17326029793952785,0.17326029793952785,0.1528595615024915,0.14003507342530233,0.14003507342530233,0.14635667796826593,0.13994017105489934,0.15246001559607988,0.15246001559607988,0.14189841419442015,0.16573175100314141,0.16573175100314141,0.16050961727053104,0.1230838664445866,0.12003554982754465,0.11327607924756028,0.1042022624606213,0.1042022624606213,0.09692757678170581,0.09692757678170581,0.09692757678170581,0.03147746085605091,0.03147746085605091,0.03147746085605091,0.023273074777660725,0.0,0.0,0.0,0.0,0.0,0.0
53,1.0,0.9386387693430444,0.8359010678952392,0.7970092317401426,0.6884293675832436,0.6138885797183725,0.465759795948807,0.4323597278823495,0.3274201867710533,0.287253721212018,0.14248056899122932,0.1030395460485098,0.0,0.038918688477521134,0.02539559561925163,0.017594486160905358,0.01835448319612073,0.01835448319612073,0.022907882263375853,0.018396443860420275,0.031106234211474834,0.033327607134721986,0.07438813100508654,0.09238140267168497,0.10468263169992029,0.10468263169992029,0.15507790552516518,0.1526201014463217,0.1526201014463217,0.14895676073796985,0.14895676073796985,0.15653449670164818,0.15653449670164818,0.14352029695527252,0.14108358496188247,0.14108358496188247,0.11724528250807194,0.09264779714995801,0.09264779714995801,0.05842449770312092,0.05842449770312092,0.053169246486368026,0.053169246486368026,0.04858826310493039,0.04858826310493039,0.04858826310493039,0.04858826310493039,0.04858826310493039,0.04858826310493039
54,1.0,0.9667428353883397,0.927209483219491,0.927209483219491,0.8474486085403024,0.7739840870735393,0.727812439894653,0.6882790877191024,0.5627743141296757,0.4379597216629021,0.3984263694985218,0.28221120730946186,0.04441560831088188,0.01595958590420034,0.02743829236003471,0.02743829236003471,0.027004026370692363,0.017750759666123887,0.010914339185407036,0.022228044617634106,0.0,0.03358571108319806,0.05948321668824142,0.06952661264409653,0.08668283216768499,0.06403517485796482,0.08161126979538211,0.13181162409277788,0.14921128985943327,0.17597539190424677,0.15333425450899862,0.1674041931214174,0.1674041931214174,0.16318633543843206,0.16318633543843206,0.16318633543843206,0.16318633543843206,0.16318633543843206,0.16318633543843206,0.15142138855804316,0.15063442780889247,0.11640487801432611,0.11640487801432611,0.11640487801432611,0.11640487801432611,0.11640487801432611,0.11640487801432611,0.11640487801432611,0.11640487801432611
55,1.0,0.9118845053313414,0.882510715312576,0.8403017601125194,0.8149217684039798,0.6999161971321599,0.7029066699742079,0.6387508109959803,0.5556909251979696,0.4369325604494842,0.4048546309603704,0.2909622595565757,0.16265054158018066,0.1381328634824075,0.14940505566019086,0.14940505566019086,0.1422041303224282,0.15162046399276982,0.15162046399276982,0.15996436241512932,0.15718035161192587,0.13850530660041557,0.1122500251170403,0.1420872628541279,0.1052286060272498,0.0942765043895907,0.0942765043895907,0.08099291500616977,0.085082919994261,0.1154740576428227,0.11998162126150264,0.11675552866756285,0.11675552866756285,0.11675552866756285,0.11442539348724348,0.11442539348724348,0.10872421926277762,0.06359412866914281,0.06359412866914281,0.0,0.0,0.0,0.0,0.0,0.0,0.0,0.0,0.0,0.0
56,1.0,0.9901930991066796,0.9033872714978002,0.7339257875188775,0.7919926225405152,0.6762181104556593,0.6476452084175915,0.5641014818757107,0.453060803150075,0.32503740721300733,0.2253303544291968,0.17378016492550735,0.14225935132771597,0.10615906983218573,0.10615906983218573,0.13436720661532434,0.11836216700956825,0.11836216700956825,0.10990067524075697,0.12922275699573413,0.10877759966577107,0.11844972841289485,0.14335491413190027,0.15965642551309633,0.12416697491455304,0.12416697491455304,0.10500159893929069,0.09541249232713522,0.10671802082355564,0.12070041266081298,0.13344540816386288,0.13344540816386288,0.08040553524947584,0.08040553524947584,0.08040553524947584,0.08040553524947584,0.07107184218651309,0.06506201684251557,0.06506201684251557,0.0517698316369123,0.0517698316369123,0.0024918555769554407,0.0024918555769554407,0.0,0.0,0.0,0.0,0.0,0.0
57,1.0,0.9377254508599073,0.813943997267755,0.688784646053187,0.5841550263220847,0.5180433974063502,0.3898484401812958,0.30804331248564143,0.3572027485198292,0.3010017977516667,0.09944195347209761,0.0,0.012514922772312682,0.03237160766519623,0.04797641780723496,0.08014315830129211,0.08369520580675088,0.1043188768893045,0.11208478539989206,0.11208478539989206,0.11208478539989206,0.08748140136351497,0.10006950000838163,0.10593598384973277,0.08543593421127288,0.08336900045206956,0.10834948128551002,0.10834948128551002,0.06650859944486535,0.06650859944486535,0.16447916581270156,0.13282188818205504,0.11290760348726585,0.08402474192346408,0.056478252784220334,0.04872322044462826,0.04872322044462826,0.042133421288297855,0.042133421288297855,0.042133421288297855,0.0177013035025098,0.0177013035025098,0.0177013035025098,0.007615094154857741,0.007615094154857741,0.007615094154857741,0.007615094154857741,0.007615094154857741,0.007615094154857741
58,1.0,0.9333481945022292,0.736847315991511,0.7001424538172496,0.6505835825593415,0.5594540787154919,0.5594540787154919,0.534774204490323,0.3774167226192295,0.28358210876792495,0.22090354204145973,0.1017108747168228,0.10041903956122665,0.12548114019012982,0.11880174962747611,0.11179951096633019,0.1311311128727884,0.1177335062675672,0.08823879392176563,0.10791270449980404,0.08876741558181639,0.09526468560664157,0.12629928778760582,0.14438690583779187,0.13684831441394396,0.1305035294399823,0.16541254145877018,0.16541254145877018,0.12846874608439446,0.1243673387045199,0.11131291119636166,0.12613382936012874,0.12613382936012874,0.09802723879262104,0.08500968030704535,0.06621579286696774,0.06193551791957299,0.05463057996263333,0.040173723796105364,0.03721952595160195,0.010931089161435285,0.0069446861414516545,0.0,0.0,0.0,0.0,0.0,0.0,0.0
59,1.0,0.8650827017259538,0.784889732441463,0.6391724133806497,0.5532278244273945,0.4107224080824383,0.4319126213344923,0.3644539720640489,0.2822774530560752,0.2697568087046413,0.21852139315800703,0.176449916745561,0.1489985167513821,0.16878511929644255,0.16878511929644255,0.17893086773215564,0.17698110856891144,0.17933730105993417,0.16906987955764136,0.13337908320777642,0.15118251200519275,0.14293945625210713,0.14293945625210713,0.0,0.005188549715218768,0.035952590746271954,0.08922691225172467,0.10213516589198211,0.10213516589198211,0.11897590769080267,0.11902673045324394,0.10925097000373486,0.10925097000373486,0.10237070076466329,0.10237070076466329,0.10237070076466329,0.09573595447152462,0.09573595447152462,0.09573595447152462,0.07196866425737761,0.07196866425737761,0.07196866425737761,0.042760395657897056,0.038600872038534,0.038600872038534,0.038600872038534,0.038600872038534,0.038600872038534,0.038600872038534
60,1.0,0.8621189675575058,0.822334974088552,0.6958606208588729,0.6857173560704316,0.5972818888083409,0.4548593363233072,0.42848492144636036,0.3757360916805435,0.2966128470407607,0.19922877993860325,0.1414434622390344,0.05413800570841683,0.02154324400945781,0.016765372782349495,0.0716926376865797,0.06308753189564807,0.02076609164315388,0.02076609164315388,0.02076609164315388,0.0618620662982734,0.059204400673012324,0.08834102496699932,0.09512547185340846,0.1053159144018498,0.08896206017744507,0.05131802122599398,0.06555915769552384,0.06555915769552384,0.07334185323240712,0.05817886310066254,0.07063461906319327,0.055050106767250764,0.055050106767250764,0.055050106767250764,0.05256618702809691,0.05256618702809691,0.042533743598160006,0.02607827501743163,0.011769200674086716,0.00559761491656493,0.00559761491656493,0.00559761491656493,0.0,0.0,0.0,0.0,0.0,0.0
61,1.0,0.9176828585667417,0.7870957813301813,0.705001726213013,0.5888619289968042,0.4868994773918692,0.47587505370115957,0.4432282843970928,0.42994682223254427,0.3229979417222951,0.3224210258609941,0.22448071794879357,0.20550597973978577,0.19852951774128266,0.19852951774128266,0.19852951774128266,0.12159838398022241,0.12042695166899703,0.12042695166899703,0.1268687972943495,0.08456393600241396,0.1053180481962963,0.026018572407023693,0.017741736782687412,0.004297779316204895,0.019725648398510244,0.013519148057161076,0.0,0.044772849705180966,0.03794512358907044,0.06936781959169368,0.06513898114683819,0.06513898114683819,0.04013985776572011,0.0377684021608628,0.0377684021608628,0.0377684021608628,0.03044209444928161,0.03044209444928161,0.007394860639646871,0.007394860639646871,0.005528781618682777,0.005528781618682777,0.005528781618682777,0.005528781618682777,0.005528781618682777,0.005528781618682777,0.005528781618682777,0.005528781618682777
62,1.0,0.8279999031550065,0.8089617064570511,0.6498155537233259,0.6766345037287872,0.7005437466582407,0.6345688383498079,0.6531345618936119,0.4934134942282491,0.3941391325256218,0.22343430234757286,0.0,0.013999426123644604,0.008500155689033262,0.008712496714886019,0.008011981803023812,0.024389407157981675,0.018161142637871643,0.048324273026857954,0.019195853669951544,0.019195853669951544,0.028189550221796453,0.008114320829892321,0.017947761830848518,0.004897473344566201,0.026289788319966693,0.0067471261694023845,0.0067471261694023845,0.022664493428773684,0.05428881948071122,0.05428881948071122,0.05428881948071122,0.0446472896239349,0.0446472896239349,0.0446472896239349,0.026062041822874207,0.020805842734968463,0.016398451461518287,0.016398451461518287,0.016398451461518287,0.016398451461518287,0.01200987357851063,0.01200987357851063,0.0066083472717585615,0.0066083472717585615,0.0066083472717585615,0.0066083472717585615,0.0066083472717585615,0.0066083472717585615
63,1.0,1.0,0.7994874874803123,0.6674367176107021,0.561533961058769,0.5873856951279618,0.45617676672545154,0.33259005726726387,0.237543719105925,0.17709231037717046,0.10532825000882107,0.01008821635708332,0.02231132263934573,0.02242373896932144,0.02242373896932144,0.05106441114449811,0.05201444591188325,0.043874182601612695,0.10622841610309859,0.12589672752304398,0.12437474277322086,0.13076685802714577,0.14469490667592164,0.1731359475052021,0.1731359475052021,0.1861936698559975,0.16603705542693561,0.16555777546837766,0.1606968312025744,0.16385859227822083,0.16385859227822083,0.15672033862398374,0.10799136661102234,0.09621349947440096,0.09621349947440096,0.08665121682090592,0.05443691057779623,0.05443691057779623,0.02534321832065116,0.017945944509388884,0.017945944509388884,0.013419495062626364,0.0,0.0,0.0,0.0,0.0,0.0,0.0
64,1.0,0.8024355467630058,0.764467883319587,0.7510759316186049,0.6857284342584804,0.6683917848920341,0.5970295118467561,0.5469502518885209,0.43459756411746453,0.36300234965061046,0.23462676462912727,0.19508697485299673,0.1340148348848684,0.1250380766366754,0.1211454230678444,0.1211454230678444,0.09522769692865564,0.05311267421442994,0.06593898968187964,0.06272256393984678,0.08160666702737579,0.014240510987886727,0.027945088143004084,0.027945088143004084,0.027945088143004084,0.05139666805561506,0.0805072854147634,0.0805072854147634,0.08843699877138629,0.08582258877845302,0.09909629454468283,0.09222713206244278,0.09222713206244278,0.09222713206244278,0.0700058832488717,0.061928289143295914,0.061928289143295914,0.061928289143295914,0.05589398492992778,0.025026763843651833,0.025026763843651833,0.008122846595526749,0.008122846595526749,0.0,0.0,0.0,0.0,0.0,0.0
65,1.0,0.9256738168630658,0.9350195598387282,0.9180280495532056,0.8217676496493853,0.7004488417158515,0.5999304642761394,0.49519522402608895,0.4023901734048636,0.3472782618403731,0.23892158243448586,0.11999258522038081,0.0,0.0,0.052273726479709334,0.052273726479709334,0.052273726479709334,0.08477693698129592,0.08477693698129592,0.07266280776438198,0.062346752065224685,0.062346752065224685,0.0847841000802929,0.12071173341624117,0.12321262601040531,0.10485842448571689,0.10485842448571689,0.08084324778604327,0.1335578386994884,0.14268710156827388,0.15728917878052273,0.14775428998043677,0.13494979820016406,0.10150431612165237,0.10150431612165237,0.09934492291904955,0.08987191884723553,0.08987191884723553,0.08987191884723553,0.08248279797060562,0.07464239924238754,0.07464239924238754,0.07464239924238754,0.06030086005298027,0.06030086005298027,0.06030086005298027,0.06030086005298027,0.06030086005298027,0.06030086005298027
66,1.0,0.8927902209934759,0.7639252283433573,0.7317586412860634,0.6791554387105755,0.6130661042531456,0.5412752526370512,0.5775529843886531,0.590540328716575,0.4747887375093537,0.4533617562195049,0.22108990130197037,0.22714653296041631,0.16808709912002293,0.17830607258025127,0.17830607258025127,0.1928348477682194,0.2067546394392592,0.20370537168509048,0.22263537512393303,0.19540792894606682,0.17245227604529112,0.15057556836688926,0.10921445843551893,0.11456035942868398,0.12492377005720604,0.10843780104537125,0.10843780104537125,0.08909485750278999,0.10464116480735923,0.09677715221625155,0.10208322997195994,0.09169112844650239,0.08917944239917451,0.08917944239917451,0.04555733157522738,0.04555733157522738,0.04555733157522738,0.04555733157522738,0.0438394265147672,0.008435530337185016,0.008435530337185016,0.008435530337185016,0.0,0.0,0.0,0.0,0.0,0.0
67,1.0,0.9087598458758962,0.7444679964002334,0.6922077084987257,0.6048572460221991,0.5493317810714055,0.4449673734913643,0.4101792376359377,0.22596410144722368,0.20341902588744915,0.20341902588744915,0.094962431383519,0.094962431383519,0.094962431383519,0.094962431383519,0.094962431383519,0.094962431383519,0.12296964610896491,0.12375007837764568,0.11749364562525755,0.09904112920227863,0.08678643201658225,0.08490008346760346,0.13403334233651645,0.08451312030602466,0.07918291568177542,0.07918291568177542,0.07918291568177542,0.07716366348779835,0.06911895632309244,0.0811847470707182,0.10333979661459483,0.10333979661459483,0.08229851005825961,0.08229851005825961,0.08229851005825961,0.08229851005825961,0.06740211817708129,0.05956071715586147,0.05956071715586147,0.02159417054449399,0.010727840089893588,0.0,0.0,0.0,0.0,0.0,0.0,0.0
68,1.0,0.9281981029876651,0.8924844038440266,0.8522600825437464,0.7932310780933216,0.7444070416968999,0.6208805543021809,0.4740668029917448,0.4555127090938648,0.4161082729214061,0.4161082729214061,0.25849052829837194,0.1368585479177846,0.1718506587195474,0.14889671855441305,0.14889671855441305,0.09578031649422208,0.11572717403104996,0.11572717403104996,0.1074948355290219,0.12635028845555246,0.1463019324902725,0.1741332127043645,0.1741332127043645,0.18540954431985904,0.19483950941175512,0.13939105700160495,0.09074847552774361,0.11107178885001202,0.12230783044860014,0.12230783044860014,0.12001650843517948,0.12001650843517948,0.12001650843517948,0.11796961983529584,0.11796961983529584,0.08947813813011196,0.07733803287861868,0.07733803287861868,0.06771380483089195,0.0147630326811037,0.0147630326811037,0.00807627833196665,0.0,0.0,0.0,0.0,0.0,0.0
69,1.0,0.8943341525034533,0.8708080381580255,0.8302593459873799,0.8016961676650041,0.7062065224858791,0.6533630532587887,0.5814801050077517,0.558092412107608,0.4716652062072681,0.3638407837789213,0.24712708660114718,0.19665719203963844,0.19665719203963844,0.19499739387800794,0.22282180370966226,0.2037564534127996,0.2037564534127996,0.2035471774443339,0.19495057192167506,0.18674266784380464,0.18704659614314179,0.16635556033293064,0.14973923459164576,0.12465131228623934,0.11925193520793746,0.14291046206027072,0.10947424551821501,0.1070418606033358,0.14626061079920266,0.1326765823054546,0.0927830228150564,0.058254593675061785,0.010783329116860885,0.010783329116860885,0.010783329116860885,0.010783329116860885,0.001306067737889223,0.0,0.0,0.0,0.0,0.0,0.0,0.0,0.0,0.0,0.0,0.0
70,1.0,0.8442784258413311,0.8206382911300959,0.7443793745912941,0.5482389642834378,0.49005890409517133,0.5226569074832228,0.45702276526427854,0.3410401117536911,0.2918778962574694,0.23603891995745813,0.04240070860705408,0.0,0.01730314355225291,0.0386343326683366,0.06973018372101301,0.06973018372101301,0.08981598777845157,0.08076772084951567,0.09779659454390359,0.09779659454390359,0.08902944768642322,0.08107997196130974,0.12358671020825023,0.1393487077135429,0.14673040606987947,0.16014562658232967,0.12911214583763142,0.12264130418719395,0.12264130418719395,0.07310189089352606,0.07310189089352606,0.07310189089352606,0.0711959893749527,0.06872118469891701,0.06872118469891701,0.06872118469891701,0.06872118469891701,0.06872118469891701,0.06872118469891701,0.06534912272066135,0.055529368376132204,0.03658000349069841,0.017455348473947634,0.017455348473947634,0.017455348473947634,0.017455348473947634,0.017455348473947634,0.017455348473947634
71,1.0,0.8639480276364602,0.8739898620832734,0.7784293624740297,0.7380428056778346,0.6927093470084135,0.5524988528496445,0.4150480085025839,0.3836283698604809,0.4390468508310879,0.39385149988675744,0.24403211474832126,0.03924580452031463,0.0344935251757884,0.07029241703483813,0.06849806601578426,0.07896136322665631,0.07364273317776415,0.07364273317776415,0.07707886966054836,0.08576100360098897,0.08576100360098897,0.09490353381653863,0.13589280212109728,0.13745902286414843,0.12443227922384628,0.11322619424711665,0.0987534834163117,0.0987534834163117,0.0987534834163117,0.16001196296998096,0.153636995810489,0.1446624701731747,0.1331045913334296,0.12547584952304852,0.12547584952304852,0.12547584952304852,0.10767087535574599,0.1038785357366759,0.08808381760771027,0.04486080415658759,0.026089781476818348,0.0,0.0,0.0,0.0,0.0,0.0,0.0
72,1.0,0.9421738317809544,0.882881106975483,0.7247965903630713,0.7193395077800271,0.6167870029898381,0.46915422041356025,0.43310324392098015,0.3250131801975576,0.2454938019698888,0.2093324725516773,0.12906938038691895,0.049550002159250504,0.06205037122866612,0.07442457626173066,0.09259905971224151,0.05486858034939943,0.0,0.019924239821913284,0.012773703726501894,0.012773703726501894,0.038430828032139895,0.038430828032139895,0.11271235416073601,0.11186730480594169,0.1330273507452248,0.14322555838602713,0.14322555838602713,0.15998045703087216,0.19332548280106232,0.19332548280106232,0.21216528175544883,0.20292228424096698,0.20292228424096698,0.19741566178794784,0.11603257189715999,0.11603257189715999,0.11085242476049627,0.10631189040135253,0.09922082355274221,0.0882740477831029,0.0882740477831029,0.07809490135627696,0.07403704891922348,0.07403704891922348,0.07403704891922348,0.07403704891922348,0.07403704891922348,0.07403704891922348
73,1.0,0.8783796561855476,0.8290410396304553,0.6175410756317685,0.5795515964477373,0.555238329786273,0.41594702027678665,0.4054939200119438,0.36750444084938033,0.30958970704516614,0.23361074879732233,0.11073408545107911,0.0,0.03908250406869207,0.08012706121749959,0.07759772731180302,0.07759772731180302,0.031020438920634254,0.022242040110917217,0.04210172778820434,0.05874303693349981,0.0723708341278108,0.0723708341278108,0.08867835449806315,0.05324121645152353,0.05228939352247836,0.08289162740663521,0.08199663758011894,0.10499523741380085,0.11457376576872638,0.17017818636852314,0.13207380141897468,0.12679333820420075,0.12679333820420075,0.12679333820420075,0.12679333820420075,0.1243462884358827,0.11851940341768602,0.11851940341768602,0.11851940341768602,0.11851940341768602,0.11851940341768602,0.11851940341768602,0.09275243909169144,0.09275243909169144,0.09275243909169144,0.09275243909169144,0.09275243909169144,0.09275243909169144
74,1.0,0.9427750252372019,0.8855500504613072,0.8108944455669197,0.6642146251875817,0.6328968607882415,0.6235583446949777,0.5383882734580844,0.32723979046379387,0.2842479908080829,0.24086952930061756,0.10811396990133793,0.03738871955300449,0.04876453196077488,0.103627991682169,0.11393686999424914,0.13962209222820746,0.13962209222820746,0.14489688385895652,0.14125153113241934,0.1362717823893898,0.1362717823893898,0.10018306254870502,0.1196260701744135,0.12507208248144916,0.10856651092474111,0.08020717387941373,0.06872838084697055,0.08740909839186789,0.08740909839186789,0.09469640254357094,0.09469640254357094,0.09469640254357094,0.09469640254357094,0.09469640254357094,0.04903418732209758,0.04903418732209758,0.04341499871684465,0.04341499871684465,0.03810079444610415,0.03810079444610415,0.03315323129054313,0.014886220844177612,0.0,0.0,0.0,0.0,0.0,0.0
75,1.0,0.9246224926745609,0.76531593491093,0.7379426464823503,0.6806794176141955,0.6388860770179647,0.43006771543913946,0.35574528559387797,0.27682145133918706,0.20392078753030626,0.12881653188698608,0.04654748904991633,0.0055068659230507406,0.020340578498726718,0.0,0.03277048355259454,0.04235872231084538,0.07120491498216039,0.033521376472640974,0.06022650894997589,0.10225834896540478,0.09600176647486403,0.09600176647486403,0.07135443538112086,0.07135443538112086,0.08367612393003729,0.06967835165694665,0.0907311776326666,0.10894160296644619,0.14969696862923512,0.17122411928777828,0.17122411928777828,0.1571399508109731,0.14540460449798764,0.14540460449798764,0.14540460449798764,0.1380132347432304,0.13226264120006434,0.06764078060802925,0.047632317599779636,0.035460238351885734,0.03039013730573792,0.03039013730573792,0.03039013730573792,0.03039013730573792,0.03039013730573792,0.03039013730573792,0.03039013730573792,0.03039013730573792
76,1.0,0.8922581701316802,0.7826174123640769,0.6428791300945446,0.634535177959406,0.5035273249791584,0.48060341568429105,0.4566937946509782,0.26742485361716023,0.16358586644046424,0.1800601140385474,0.14155625082775194,0.08086288071252508,0.08086288071252508,0.04638546966917439,0.0553419137665332,0.08921429969580928,0.07869027985972897,0.0836150398422005,0.0836150398422005,0.07033462173082507,0.07033462173082507,0.06297090487659343,0.0486815528330648,0.03353399040571755,0.0277808196370011,0.05225179316000272,0.06553692177569587,0.08994758808867193,0.11808378415725339,0.13270972132783163,0.12660353820553244,0.12348804077750918,0.09404755358743976,0.08431887463982421,0.08431887463982421,0.08431887463982421,0.08431887463982421,0.07846574449589754,0.005814180348617899,0.003573111930920318,0.0,0.0,0.0,0.0,0.0,0.0,0.0,0.0
77,1.0,0.941891225259728,0.8201478587410073,0.6955016890251696,0.6730872352297121,0.5932914001159455,0.5483762723590586,0.5349206094943033,0.5027012903245447,0.4366608848287256,0.1916823647262148,0.10656807164029268,0.042129433297134485,0.03044887665644717,0.03044887665644717,0.01710090523869487,0.03326049276778901,0.03326049276778901,0.0636520243942117,0.0636520243942117,0.10078941939531387,0.08750289664023957,0.0826281440591157,0.08654985786982419,0.11411233644684353,0.09759566992318928,0.12293123429807537,0.10922108501205365,0.10922108501205365,0.10558537562005318,0.09611721020443674,0.09611721020443674,0.09611721020443674,0.09611721020443674,0.09611721020443674,0.09115981850154811,0.07337680764853544,0.07337680764853544,0.04847146540610802,0.04847146540610802,0.008204531789994175,0.008204531789994175,0.0,0.0,0.0,0.0,0.0,0.0,0.0
78,1.0,0.8571446444387747,0.697020504352793,0.6678474623161147,0.5808078280385454,0.43403395855004245,0.21874773065720687,0.13455147181723978,0.11092151910845514,0.10056092799016496,0.1139766801960049,0.15020853050152935,0.05440629441291533,0.05953319401601126,0.02630130284811932,0.013343449554660497,0.0,0.010969514084572335,0.03191550894460748,0.06749843370078203,0.05952775801891013,0.0689288468597302,0.06286434698260039,0.02244395173251875,0.014278281500347276,0.04532631245505349,0.009671325714370883,0.009671325714370883,0.04410077762732669,0.05278559210592854,0.06181761174108612,0.09279723100680003,0.0831759758210981,0.0831759758210981,0.06580221126367222,0.06580221126367222,0.06580221126367222,0.06580221126367222,0.06580221126367222,0.06144806710154332,0.06144806710154332,0.05163634043193673,0.027334010051509674,0.027334010051509674,0.027334010051509674,0.027334010051509674,0.027334010051509674,0.027334010051509674,0.027334010051509674
79,1.0,0.8864165447914267,0.8154702832428269,0.7091570953191106,0.6350066027890178,0.5640603412404176,0.5407904050502872,0.3988978819659163,0.3601036801004497,0.35441481200676694,0.2650561459578398,0.19016656770960083,0.114865651222047,0.09764184210579849,0.07172884751611122,0.08450956747259518,0.054448466635087144,0.04573294559467146,0.03753601065935587,0.0,0.04977009076040995,0.023361258374090837,0.03184906376577745,0.012228506407324764,0.02743909458466647,0.035928250058929426,0.033592307978342215,0.00992292892908005,0.04223291566722066,0.04824581095198311,0.0932406314840868,0.09093924369938472,0.08834140781020366,0.08834140781020366,0.08834140781020366,0.08674153245671233,0.07947502722764162,0.0656148467448989,0.06218923786460371,0.056013243585893664,0.056013243585893664,0.056013243585893664,0.03336620693559286,0.024451876237799316,0.024451876237799316,0.024451876237799316,0.024451876237799316,0.024451876237799316,0.024451876237799316
80,1.0,0.9018335793221095,0.7158096026101641,0.63728046709771,0.6632894632860766,0.5698589743312474,0.5331514775431508,0.5133914654673495,0.40326897508854004,0.37532023514144536,0.33606612168108146,0.13421772259677509,0.07675372081899134,0.09945309397351405,0.11734090469127184,0.11734090469127184,0.0978041808161577,0.08046121475057376,0.08741627756731887,0.08741627756731887,0.11142176730617599,0.12113191024031886,0.11336006077947894,0.11340413208850796,0.09127719775765619,0.09691670857995743,0.12946856577567478,0.13059833300092935,0.07881917149918222,0.10596111129267514,0.11851713015426597,0.056474655968045566,0.041931804111351716,0.03801544010838123,0.03801544010838123,0.03801544010838123,0.03801544010838123,0.03238518752779746,0.03238518752779746,0.025512034032689947,0.025512034032689947,0.025512034032689947,0.0,0.0,0.0,0.0,0.0,0.0,0.0
81,1.0,0.8974446553573838,0.7821729862829429,0.6234077123019761,0.5877943195155666,0.4514272728024925,0.46487184043923013,0.4938409093981509,0.33381676662761817,0.2706494125797837,0.21269977184876035,0.03159920210349617,0.020731305767946996,0.020731305767946996,0.005359330526064427,0.0,0.04146477220932113,0.05530830226710046,0.06869006035458466,0.11258760653088261,0.13568438748954167,0.11650135106552514,0.11278260738632656,0.06751667895007536,0.08537094068605586,0.10405928656042888,0.052802660399904354,0.052802660399904354,0.052802660399904354,0.0854137375562997,0.08950399292678768,0.09749109980584605,0.09473260751998563,0.09173162000276029,0.08745588485351435,0.07081675658858316,0.07081675658858316,0.05634400593768371,0.05634400593768371,0.05634400593768371,0.05634400593768371,0.05634400593768371,0.04860925695826106,0.03847995548598299,0.03847995548598299,0.03847995548598299,0.03847995548598299,0.03847995548598299,0.03847995548598299
82,1.0,0.914325338837345,0.8449646132110199,0.7303096455759728,0.7276973470949198,0.5988134516764341,0.4659095205124183,0.4376129529431258,0.3740484850036947,0.24881012231318014,0.2018783025066194,0.16698448358892604,0.0,0.019891037490421395,0.027212561179567493,0.010778633225607305,0.028199245786865872,0.05329274523179349,0.09670462954315125,0.14695158192848426,0.15028423676081354,0.17177207578826487,0.16649611751421908,0.15773840529020006,0.17364437707936767,0.1666820824341892,0.1666820824341892,0.16739586121979494,0.173173984378226,0.1870614996062129,0.1788479652568818,0.18759805816396066,0.18759805816396066,0.18759805816396066,0.18759805816396066,0.15533246271583778,0.12675302834048366,0.12675302834048366,0.11002376270610728,0.11002376270610728,0.11002376270610728,0.10575652434955794,0.10575652434955794,0.10360179275678438,0.10360179275678438,0.10360179275678438,0.10360179275678438,0.10360179275678438,0.10360179275678438
83,1.0,0.8988438194365327,0.8314063657529599,0.7639689120579541,0.6471563128536849,0.536731017581516,0.40199459495223705,0.4172586781325083,0.3721883038986363,0.2762773481726328,0.23535934612327106,0.15948626426791732,0.11946811507497997,0.047174725950872805,0.06233732699753047,0.06660241723139705,0.07924878492585972,0.0502587013162603,0.0822982077359007,0.03928275569856457,0.07080492406637558,0.05799895416159776,0.06848910773935347,0.05646718219909757,0.05646718219909757,0.08588061554929814,0.08588061554929814,0.07334058009206791,0.06794978594059017,0.10404283811302745,0.07266978535438488,0.07266978535438488,0.06776225334956743,0.05062399535640034,0.043251301939036,0.043251301939036,0.043251301939036,0.043251301939036,0.03769928781408705,0.03523212838679731,0.025948571339299592,0.010137473393773046,0.010137473393773046,0.0,0.0,0.0,0.0,0.0,0.0
84,0.9828812746869555,1.0,0.8832231948290774,0.7284650395133374,0.776533180089965,0.6482510570862287,0.5488751973682809,0.48450759706643215,0.3658616324713518,0.2271863612829043,0.2449940621610621,0.08527861232074699,0.04771988284199771,0.053550067958395724,0.08459155024513967,0.08459155024513967,0.08459155024513967,0.05190093767800646,0.02116981573957518,0.0,0.014749559180183761,0.06377722754717667,0.10357765073041013,0.0972248370237726,0.0972248370237726,0.0972248370237726,0.06344497901413951,0.05162188112711222,0.028998668841269865,0.028998668841269865,0.08201405855235287,0.08056134169189928,0.0767589168998229,0.0749720290241904,0.06445589445675003,0.05861084154696781,0.05861084154696781,0.04436357834766932,0.030730703152913295,0.030730703152913295,0.030730703152913295,0.010080674094955193,0.005677330032452153,0.005677330032452153,0.005677330032452153,0.005677330032452153,0.005677330032452153,0.005677330032452153,0.005677330032452153
85,1.0,0.9408820166121452,0.8612429470577947,0.6762221690644783,0.533250136097478,0.41804854536594793,0.3845553093165042,0.300281633681513,0.16754848759922297,0.06706877941303871,0.06141789544830113,0.016670701568338876,0.0,0.02537765025778691,0.02537765025778691,0.02537765025778691,0.045755178258665014,0.03914220683195728,0.026670195860153206,0.026670195860153206,0.010544463768890018,0.016803162768687607,0.06525936767789307,0.03588218481035057,0.05618968772389201,0.052417720205414124,0.052417720205414124,0.03994568336081877,0.05068083980213011,0.04422120236813175,0.05130651243674151,0.02731655875618892,0.022644626544073284,0.022644626544073284,0.021399184488222263,0.021399184488222263,0.021399184488222263,0.012567489066199809,0.012567489066199809,0.012567489066199809,0.012567489066199809,0.009944697626836363,0.009944697626836363,0.009944697626836363,0.009944697626836363,0.009944697626836363,0.009944697626836363,0.009944697626836363,0.009944697626836363
86,1.0,0.8561746434813622,0.7682554415571539,0.7812028787168491,0.6729240013984699,0.6040581199779429,0.5199552680960512,0.4347974003846106,0.31672367226151993,0.1893781040989789,0.1893781040989789,0.1334914179586564,0.0973984588593287,0.11757802800884844,0.12880873258769418,0.12102043089170005,0.11266199905245,0.14444488657685944,0.14444488657685944,0.07649206204751145,0.09298946295868489,0.06621021552819328,0.06269185234192243,0.06269185234192243,0.05721204677419016,0.008204880082555824,0.028900373655184716,0.013646600891394911,0.013646600891394911,0.03477268197270664,0.07506580365180465,0.0704593080472252,0.049369875191083934,0.04219368623501,0.04219368623501,0.04219368623501,0.04219368623501,0.04219368623501,0.038708221080808514,0.03242431255441022,0.020803944194914173,0.011731192341625722,0.0075199310025621064,0.0,0.0,0.0,0.0,0.0,0.0
87,1.0,0.9376750723523463,0.8789916102168485,0.8406403983171459,0.8406403983171459,0.6622940716630736,0.5414955163326647,0.4237720986203566,0.305466256726972,0.19274287042475477,0.1873750404346813,0.16232514545891594,0.025205153497961024,0.08044751150815775,0.08091048335221436,0.034542645167712625,0.06999673329541341,0.0690277911747845,0.07126996595370765,0.07126996595370765,0.07595064265819142,0.07323348896689845,0.056439367736072145,0.047183435396635054,0.03995088656918854,0.07432440660028924,0.07432440660028924,0.07432440660028924,0.0683171753189163,0.062205668931827385,0.05430585831391581,0.060360759025233496,0.060360759025233496,0.060360759025233496,0.029047589982370108,0.005108981354277002,0.0,0.0,0.0,0.0,0.0,0.0,0.0,0.0,0.0,0.0,0.0,0.0,0.0
88,1.0,0.9381415512963444,0.9434769921161885,0.8924328890578654,0.8351218316050981,0.739641969437507,0.6210005023285631,0.5350339161502216,0.4938688126837324,0.40790222650555275,0.35059116905764337,0.23596905414433592,0.15332525776474926,0.16890165682643107,0.18479983862020463,0.15803294278450686,0.20633426167628033,0.23272273841931404,0.19919461934083293,0.20993938264661985,0.20993938264661985,0.20993938264661985,0.20650183375729933,0.05935199934019157,0.06897036465802558,0.08512495848588698,0.08572179774025997,0.09309636065724207,0.08987196641612462,0.10080018366962946,0.06524067814207107,0.05708613107856835,0.05708613107856835,0.05512896729653872,0.05512896729653872,0.05512896729653872,0.05512896729653872,0.054208909126343234,0.054208909126343234,0.049237919287064495,0.049237919287064495,0.02986085960172487,0.0038073356102918806,0.0,0.0,0.0,0.0,0.0,0.0
89,1.0,0.8791885006777928,0.8872707340400817,0.7895204516516918,0.7139207304495236,0.5835870206063161,0.5510035931312441,0.5362007686725007,0.3916841871528322,0.32091422969868694,0.27632903096143213,0.17810724687874913,0.033412979105269504,0.028214628748820438,0.028775739673550235,0.015395316163239968,0.05131119968309881,0.04649824071165891,0.053644949015489045,0.0671358035080422,0.06125792880868173,0.07071533874436814,0.05731074881112317,0.0,0.0,0.011398049504570573,0.022390211779986444,0.021265410579750586,0.033813071137544636,0.04956083994419827,0.07353059225972215,0.06838372354550026,0.06838372354550026,0.06838372354550026,0.06389132281554348,0.06389132281554348,0.03527480917663893,0.03527480917663893,0.03527480917663893,0.02895490155774827,0.005618282854899168,0.0009448611028354512,0.0009448611028354512,0.0009448611028354512,0.0009448611028354512,0.0009448611028354512,0.0009448611028354512,0.0009448611028354512,0.0009448611028354512
90,1.0,0.9850622838138676,0.9996530142449649,0.9478890001859926,0.7301118917406657,0.7049913705445063,0.608123642653347,0.503417921780095,0.503417921780095,0.3807697053719025,0.362051065102364,0.13977955755701207,0.03507383669953866,0.03248916987925875,0.020608635991178993,0.0,0.040757156555758775,0.040757156555758775,0.040757156555758775,0.036053918217446905,0.0857898036979857,0.05327813083348795,0.025258360722846016,0.07671102859833635,0.047752725109491,0.047752725109491,0.06255690453289703,0.06255690453289703,0.08060291115393742,0.09455047260629074,0.06865494633322312,0.08375210304420781,0.08375210304420781,0.08375210304420781,0.08131586014981917,0.04341524049953642,0.03602730811172111,0.03602730811172111,0.03602730811172111,0.03602730811172111,0.009527774366995182,0.009527774366995182,0.004302217008913205,0.004302217008913205,0.004302217008913205,0.004302217008913205,0.004302217008913205,0.004302217008913205,0.004302217008913205
91,1.0,0.892664860204319,0.7436508182240672,0.7598197391035937,0.7115183838007171,0.6714535114548558,0.5831227855970847,0.49138670642402527,0.4154145564609336,0.3349518312358414,0.23767945723011588,0.14366286025592664,0.07604704961350968,0.07750083453236686,0.07750083453236686,0.03346380237766132,0.013145567756232752,0.021145558203316307,0.021145558203316307,0.013777656782035245,0.025890782478693253,0.007618096408556949,0.007618096408556949,0.023816679740303343,0.004346859994192104,0.004346859994192104,0.0,0.04326623140127331,0.022320477120558176,0.06600393186131731,0.07075693750213305,0.07075693750213305,0.039594711879428285,0.039594711879428285,0.039594711879428285,0.039594711879428285,0.039594711879428285,0.02484919944902713,0.011281270562287548,0.004360950451288808,0.004360950451288808,0.004360950451288808,0.004360950451288808,0.004360950451288808,0.004360950451288808,0.004360950451288808,0.004360950451288808,0.004360950451288808,0.004360950451288808
92,1.0,0.8899949905099677,0.8136300716065245,0.83649659433474,0.7415944910373781,0.6388243686630708,0.6006419092264529,0.4482007910111626,0.32449363920440455,0.2187972210732074,0.18061476161069784,0.097219605382369,0.041439340519028804,0.014778105905487449,0.021474627051352606,0.0,0.010118967055205237,0.03394478068207172,0.03394478068207172,0.09634917362860651,0.09634917362860651,0.10310799887693133,0.10518527253111741,0.14069080154619845,0.13183785927213917,0.12976996370491828,0.12976996370491828,0.08917812479496337,0.09573388736576713,0.1019929198042615,0.1019929198042615,0.09628200374500637,0.09628200374500637,0.09440604835565883,0.08790876314546846,0.06835830572891824,0.06835830572891824,0.04816651078019684,0.02756219267763799,0.02099431068527593,0.02099431068527593,0.02099431068527593,0.02099431068527593,0.02099431068527593,0.02099431068527593,0.02099431068527593,0.02099431068527593,0.02099431068527593,0.02099431068527593
93,1.0,0.9752423285847303,0.9930681939409306,0.9914646918967197,0.7829905546310172,0.8044188554270542,0.746171001472422,0.6311587986083373,0.620609030299626,0.43635141962552704,0.34413392202390913,0.25108548958470184,0.07072939711175508,0.07072939711175508,0.020681911580654234,0.0,0.0,0.03317653025379636,0.02956873258313919,0.05977650887780241,0.04922335858877492,0.028613376645824397,0.04157410963704507,0.07002329591005285,0.015419677674518082,0.004077060901223709,0.004077060901223709,0.036400127295753544,0.036400127295753544,0.058532552925289846,0.09318748529564899,0.09318748529564899,0.07772092315749986,0.05885685414761893,0.05885685414761893,0.04978083927085088,0.04978083927085088,0.04032200500211503,0.025170294027830786,0.025170294027830786,0.025170294027830786,0.017125502434018263,0.017125502434018263,0.017125502434018263,0.017125502434018263,0.017125502434018263,0.017125502434018263,0.017125502434018263,0.017125502434018263
94,1.0,0.8123846579673903,0.7475246760496143,0.7146295230942159,0.6561328764110207,0.653989131324051,0.5743763864194268,0.4610635687618004,0.4380985604133386,0.2510552318551024,0.1877210490343428,0.09769221876813511,0.0615798041713745,0.06884972212988534,0.08851013649513584,0.061615027548374265,0.04781806906643673,0.09330959023003128,0.10504422377859489,0.11737868934920856,0.08377023174286681,0.10928697325484726,0.1038824962156803,0.1038824962156803,0.09130604410569805,0.09130604410569805,0.09806101004244001,0.10795343507815097,0.10795343507815097,0.09752954338567867,0.09752954338567867,0.08048751421168156,0.07435488928983035,0.06467342427819381,0.06467342427819381,0.04399804545207895,0.013540348139560477,0.013540348139560477,0.013540348139560477,0.013540348139560477,0.011604881857717209,0.011604881857717209,0.0,0.0,0.0,0.0,0.0,0.0,0.0
95,1.0,0.966760725923559,0.8688022125896322,0.7772373526707529,0.7439980785811632,0.6775195303907154,0.6816532460712628,0.5185546835116115,0.47316437530896915,0.2290198744415853,0.16254132628118975,0.08749818829054669,0.0,0.05924347267261374,0.07734684151321812,0.06827562391303504,0.06827562391303504,0.10531665612678842,0.09671734140476418,0.10103413237670532,0.06602812206835372,0.06602812206835372,0.05365860002831407,0.04848444985157041,0.05970355659013996,0.08003484394722567,0.08003484394722567,0.08690094476961219,0.08690094476961219,0.12218688247457053,0.10257177557742048,0.10257177557742048,0.10257177557742048,0.10257177557742048,0.10257177557742048,0.10257177557742048,0.07981613668525081,0.07981613668525081,0.07981613668525081,0.06825756193444174,0.05769647656645056,0.05769647656645056,0.04597019430181473,0.024784636445391917,0.024784636445391917,0.024784636445391917,0.024784636445391917,0.024784636445391917,0.024784636445391917
96,1.0,0.8552597348557575,0.734442303362091,0.6921564193411872,0.5421232570510566,0.4998373730205946,0.3290538889789801,0.3195014376031959,0.26942362418043564,0.12246218066200638,0.0833089473880554,0.09374495768186968,0.0,0.0018923392337359983,0.011313670985897178,0.011313670985897178,0.07476660997667471,0.07476660997667471,0.06460268068644028,0.05985596988861103,0.10407409944084238,0.10407409944084238,0.12237190432453844,0.13731231047009002,0.13731231047009002,0.1513699333950699,0.13518526869091207,0.1869419028220489,0.22068641497505823,0.2394646186736758,0.2545017465403605,0.2545017465403605,0.2545017465403605,0.2545017465403605,0.2545017465403605,0.2479954734099432,0.20910301112735383,0.19289481578825204,0.19289481578825204,0.19289481578825204,0.19289481578825204,0.1369813218178204,0.02252911179087868,0.02252911179087868,0.02252911179087868,0.02252911179087868,0.02252911179087868,0.02252911179087868,0.02252911179087868
97,1.0,0.8678656347563769,0.7949267104509552,0.7568166391449012,0.7161808846912088,0.5980524765904998,0.47322437807564377,0.4351143067695897,0.3743619665501473,0.3308930628021499,0.19550034947986086,0.11928020687012192,0.0920628502653394,0.09493728571675662,0.07624473775734313,0.07624473775734313,0.0,0.011496704835298811,0.02954688549237864,0.06471231488194559,0.07021617125906786,0.08972822763234452,0.0793454456096144,0.09519544327562562,0.11644336988043925,0.11644336988043925,0.12907282754650007,0.18506153227603012,0.19725208443396153,0.21552173410234762,0.21552173410234762,0.22338388040402105,0.21777269171440314,0.21777269171440314,0.21777269171440314,0.17675192318113128,0.16481131855027042,0.15625898350302667,0.1268800971858497,0.12215783077380986,0.12215783077380986,0.09977885478658649,0.09977885478658649,0.07905595128012648,0.07905595128012648,0.07905595128012648,0.07905595128012648,0.07905595128012648,0.07905595128012648
98,1.0,0.9236549952128054,0.8839035856215948,0.7474340691361143,0.6710261916575465,0.6390201570186111,0.526195128456729,0.44348983153340127,0.41717681647391947,0.37207633607782076,0.2166228500753908,0.15278660317635737,0.1296558829847389,0.14329825239705785,0.1405905765928599,0.1405905765928599,0.12413357546669111,0.1138533636701863,0.11282304843972887,0.0987727587505047,0.10983915165645536,0.10436494370901106,0.07831998543841967,0.09891825121347268,0.09891825121347268,0.09113702482284426,0.0681317908337915,0.0681317908337915,0.07054795114886955,0.08497193833457953,0.09720854106019068,0.09720854106019068,0.08017255585712148,0.05876347310980078,0.054965720327276923,0.054965720327276923,0.054965720327276923,0.054965720327276923,0.054965720327276923,0.054965720327276923,0.054965720327276923,0.021581862071358815,0.021581862071358815,0.0,0.0,0.0,0.0,0.0,0.0
99,1.0,1.0,0.8963795303963458,0.8060377672716186,0.840024157506773,0.8157650941960737,0.6749255701553317,0.6841684912347896,0.5959044758466886,0.5435834672065062,0.5118301392600682,0.40671473863995194,0.26992152510377226,0.21616543976853708,0.20723550172882063,0.22159158603956308,0.22885003444216695,0.23793453231672007,0.22876210489753268,0.2088296809608891,0.2052255397249359,0.22754270551068595,0.09396477670964233,0.08592395649417517,0.09669922797408169,0.09669922797408169,0.07296817317728525,0.06348862364639453,0.04545566603706029,0.032414374731006994,0.032414374731006994,0.032414374731006994,0.032414374731006994,0.013250538446092934,0.013250538446092934,0.013250538446092934,0.011353200340851813,0.0030734105495265783,0.0030734105495265783,0.0030734105495265783,0.0030734105495265783,0.0030734105495265783,0.0030734105495265783,0.0,0.0,0.0,0.0,0.0,0.0
100,1.0,0.8142464754119806,0.6683038317837929,0.5771669993410431,0.5420093837760461,0.48511278019307025,0.4806830499557387,0.42418536916711014,0.3733820207273795,0.35671719667032287,0.2635779194792612,0.10778794799825006,0.0064531376989189065,0.0,0.0,0.03928477589186556,0.057734671010003326,0.049127835719863774,0.044366030365299076,0.017323257613146657,0.017323257613146657,0.019763637322425937,0.002588807358649663,0.008045800729009399,0.016916552218625643,0.026085118585819647,0.026085118585819647,0.031728874196616914,0.02250880351989171,0.04738754675575861,0.06274714865981992,0.0700897384172118,0.0700897384172118,0.06648849862825768,0.06411582571850995,0.06411582571850995,0.06411582571850995,0.06411582571850995,0.06411582571850995,0.06411582571850995,0.06411582571850995,0.06176546574603382,0.048585802904376,0.032587046529124135,0.032587046529124135,0.032587046529124135,0.032587046529124135,0.032587046529124135,0.032587046529124135
101,1.0,0.8448983374387922,0.7442162204991757,0.6523471784456059,0.5425803228189744,0.44120562418083054,0.3847467692997439,0.38413318017095055,0.3740473224355107,0.21056247775408737,0.1680180819257009,0.056550436595981475,0.0,0.02057255505348632,0.0034047599514529657,0.022094934577998417,0.03450943600009924,0.026729500685734084,0.037626639776367425,0.06124088407309268,0.06124088407309268,0.07909163489501768,0.07790433189370403,0.07790433189370403,0.08929141800683074,0.08033965667320421,0.08779661300506857,0.11161756717740874,0.12977730923891476,0.15801080718176175,0.15769652148739038,0.14970287742640231,0.14278354306632665,0.14278354306632665,0.13109587256361616,0.13109587256361616,0.13109587256361616,0.12848970847847316,0.1249248501108912,0.12414180247269127,0.12414180247269127,0.09151756933094336,0.09151756933094336,0.08867033534488146,0.08867033534488146,0.08867033534488146,0.08867033534488146,0.08867033534488146,0.08867033534488146
102,1.0,0.8557041720907013,0.7060948883745473,0.6887524978320378,0.6464309593757186,0.6163472663651094,0.5832276254752776,0.45609809998741296,0.4349853496326206,0.30833242417590717,0.2501684045879037,0.2501684045879037,0.14294117905488138,0.14651673861776005,0.13450725011785492,0.14887889522141085,0.15492890477720386,0.15492890477720386,0.15492890477720386,0.09216805870264921,0.08511123709185232,0.09187586866964055,0.09988469601823233,0.09249570166259577,0.09249570166259577,0.11899622981198449,0.10198257013395585,0.10848091127270681,0.01670553200951407,0.00957096119311388,0.022761467070259177,0.022761467070259177,0.022761467070259177,0.016544895485562677,0.009460036529616387,0.009460036529616387,0.009460036529616387,0.0024212917794025797,0.0024212917794025797,0.0,0.0,0.0,0.0,0.0,0.0,0.0,0.0,0.0,0.0
103,1.0,0.9645467651398538,0.946324664956508,0.7879370951689447,0.6654538333275787,0.6136069041409804,0.6671050350995822,0.6316518002594703,0.5245880807469396,0.44674368573579426,0.3638729003387508,0.3113086622961203,0.24040219261589657,0.22675640646560594,0.20756391565763527,0.1988011388220817,0.12286362916238111,0.10845055719163721,0.1065250685274306,0.049203807177288617,0.05998835815665508,0.05998835815665508,0.0,0.033487262044691185,0.027413009689756074,0.05617328171096646,0.09386237194553333,0.10136648775792167,0.10136648775792167,0.10136648775792167,0.11527553510590094,0.14217894280145932,0.13198087740629172,0.12605307224341342,0.12605307224341342,0.09273906723039803,0.0865118028335966,0.0865118028335966,0.07888016770510996,0.07793818775749027,0.07793818775749027,0.07793818775749027,0.0383296278147218,0.0383296278147218,0.0383296278147218,0.0383296278147218,0.0383296278147218,0.0383296278147218,0.0383296278147218
104,1.0,0.8794422842177915,0.7745181488557907,0.7735442420674054,0.755193628679905,0.6823759260534055,0.579954772818465,0.48792809196537984,0.36432266912414296,0.28834399226450863,0.1932787507011421,0.0696701663759745,0.024289343070864607,0.024289343070864607,0.006143963828807792,0.045449933752649656,0.06426986532823431,0.05549427221803907,0.05549427221803907,0.05094369397667705,0.04717461511371909,0.03884789230923066,0.055104016423438165,0.051408905089036824,0.046383179815211686,0.06104264945463616,0.07611138518857039,0.1343255379235304,0.12793244061970793,0.12793244061970793,0.12793244061970793,0.12081281103594697,0.12081281103594697,0.0980828973116977,0.07627002964469548,0.07627002964469548,0.051817705424992394,0.04381657332173266,0.0,0.0,0.0,0.0,0.0,0.0,0.0,0.0,0.0,0.0,0.0
105,1.0,0.8025861972854096,0.7979502917612612,0.7291861093817884,0.6281365428450509,0.5437626285179781,0.49066590884349526,0.4437633660272638,0.41441570028537555,0.3953773178468165,0.37205635136770615,0.23507800965613918,0.049475135085709034,0.049475135085709034,0.08701299377565908,0.11337854962959319,0.13180814539783786,0.13180814539783786,0.14285102349097686,0.1386524651434168,0.1649920844216197,0.1743863398192069,0.16782936938010323,0.17333959579062527,0.17333959579062527,0.15853503596709687,0.19875751168903283,0.16162133933407816,0.17654288848565922,0.1637544189571455,0.1637544189571455,0.13345031993901085,0.12714011037095635,0.12714011037095635,0.10511879349194374,0.09328533572653928,0.06879862557120023,0.06879862557120023,0.02747780209979462,0.02747780209979462,0.02747780209979462,0.02747780209979462,0.021637282340862422,0.0,0.0,0.0,0.0,0.0,0.0
106,1.0,0.9578842109697934,0.7871462247340667,0.7613909096930007,0.6538052904887397,0.6007520279544863,0.5102025718267039,0.36737830333258087,0.36350648988509315,0.3317573760159625,0.27068355168732133,0.203527523140613,0.04955423479940728,0.06640279541430112,0.08092905883160291,0.06701820080578659,0.07562646680694793,0.030609305057477623,0.030609305057477623,0.02379803050602674,0.02379803050602674,0.038932749130599416,0.03384509215921216,0.04901257669583995,0.015646890866361344,0.03752213501482492,0.07875897708324638,0.07134640545899287,0.07134640545899287,0.044935262632867116,0.0519857303156766,0.08344875263009345,0.08344875263009345,0.07555363456162391,0.06692296314923324,0.040364036919674905,0.018687522846423596,0.003492175245164495,0.0,0.0,0.0,0.0,0.0,0.0,0.0,0.0,0.0,0.0,0.0
107,1.0,0.9581901238755685,0.9203752440396786,0.8398307606930313,0.688257591242576,0.6259987678914525,0.5567474071844368,0.369970937153934,0.369970937153934,0.3344589941571657,0.29362935596050793,0.23137053261518964,0.1253990301672123,0.0942696184828551,0.0942696184828551,0.09663827522946314,0.07847415486552098,0.08823931291704482,0.11330069752235553,0.1360988649374418,0.14703040272745202,0.16711836625841842,0.17683905507541806,0.16891693895036472,0.15327367815876788,0.16846946243727257,0.17267068739116198,0.17134980150568435,0.187405171120166,0.187405171120166,0.17576161251040928,0.16731829102985996,0.16297608590833965,0.14753118508516247,0.12113226332930013,0.12113226332930013,0.11899228226019348,0.08097535441373838,0.08097535441373838,0.0589993107091335,0.03426043951415723,0.01987388515281295,0.0,0.0,0.0,0.0,0.0,0.0,0.0
108,1.0,0.8671211808287042,0.8667935537467463,0.8534529749885721,0.7855430371478315,0.5893724143685123,0.5252405360411433,0.4766966778815484,0.3634044353960211,0.3111256432998602,0.17182425005706675,0.10503714145342587,0.0,0.021946964170666113,0.05906302110571869,0.05906302110571869,0.05906302110571869,0.06024122520090727,0.06024122520090727,0.10040515597037286,0.11996917333706156,0.12888438968195748,0.1404784179268914,0.1385974133107817,0.13424472077626132,0.14923377328846152,0.1710825320476391,0.15235869099361493,0.1547531219711952,0.1547531219711952,0.15329942712894334,0.16573850485787875,0.11153360936146012,0.11153360936146012,0.11153360936146012,0.11153360936146012,0.11153360936146012,0.11153360936146012,0.11153360936146012,0.0891419105474108,0.0891419105474108,0.0891419105474108,0.0891419105474108,0.07222560904576299,0.07222560904576299,0.07222560904576299,0.07222560904576299,0.07222560904576299,0.07222560904576299
109,1.0,0.9456301427140082,0.9579934256250991,0.9212169389478904,0.8307361169783916,0.8405799313116739,0.7277237475235367,0.6057545373469764,0.5463750117177479,0.44530374618050084,0.4164002793526307,0.27602832499407143,0.24712485816620125,0.24712485816620125,0.24467965623256135,0.2560609146381023,0.26209728820085004,0.26209728820085004,0.26209728820085004,0.2588527918100751,0.21670421260228812,0.23434006963698295,0.2609798639297252,0.1640542312769278,0.1646889392248418,0.15752739760709114,0.17796127876971923,0.1830130504779368,0.14674863396787316,0.12171580590824514,0.126539734573474,0.09845669417937779,0.09845669417937779,0.08707605839015138,0.059752956209566215,0.059752956209566215,0.059752956209566215,0.059752956209566215,0.059752956209566215,0.023762823124993386,0.015371838424853549,0.015371838424853549,0.015371838424853549,0.0,0.0,0.0,0.0,0.0,0.0
110,1.0,0.9748060437963403,0.8886735959789589,0.8876079270706069,0.6599970041096573,0.5550878208437878,0.5579260438798201,0.47179359607947424,0.45924822188165015,0.34660323090859585,0.21918177720538645,0.14991364291045792,0.07553182373140138,0.10043142498081895,0.10043142498081895,0.08902314456580507,0.09219038352421405,0.06586936390234287,0.07819897904554209,0.07819897904554209,0.04925727823892436,0.04633760365808547,0.033352395602510236,0.07358760922247153,0.07358760922247153,0.08835730455708866,0.08835730455708866,0.08198606883262351,0.11442393919940988,0.13256748894594528,0.13141623403370226,0.13198464105711913,0.11399312196328808,0.10063312036313785,0.10063312036313785,0.10063312036313785,0.10063312036313785,0.10063312036313785,0.10063312036313785,0.06337716992990201,0.06337716992990201,0.06337716992990201,0.06337716992990201,0.0,0.0,0.0,0.0,0.0,0.0
111,0.9882225471341181,1.0,0.7990933113186542,0.7031306182545454,0.617330320584366,0.5814783306657613,0.5220664140521217,0.48950869987072004,0.3918355573136363,0.30881820108663277,0.2650747601491052,0.05970085001864703,0.02179079305838209,0.01718825539304206,0.0,0.02913487957623543,0.07148646689178632,0.09038950656590951,0.08913348039332171,0.07594782917761775,0.09225014213212428,0.10068428919457058,0.11164825598373142,0.11164825598373142,0.10410898225021173,0.10410898225021173,0.10410898225021173,0.10134236596433192,0.10134236596433192,0.10134236596433192,0.13276818914815072,0.12627842875668704,0.12627842875668704,0.12078913219615638,0.10924237998384997,0.06762405791019382,0.06762405791019382,0.061144478148096544,0.061144478148096544,0.061144478148096544,0.060496376185141365,0.04553744838840702,0.04553744838840702,0.03592765738317264,0.03592765738317264,0.03592765738317264,0.03592765738317264,0.03592765738317264,0.03592765738317264
112,1.0,0.8979663435628717,0.7368672334318948,0.6409542655240279,0.604336392995453,0.5677185204461859,0.4799476254635023,0.4758778412426231,0.3810120608755766,0.3966518776374126,0.20257167160099654,0.18392180987665946,0.16826746263229542,0.15449750446476243,0.15449750446476243,0.12910147245607,0.12910147245607,0.11420650151342214,0.1214458390432381,0.11538963155541117,0.14707809661694773,0.13730323851683984,0.13730323851683984,0.1297963294387299,0.08957609899256658,0.08080287956617227,0.08080287956617227,0.07674205704806897,0.0738080801029945,0.0738080801029945,0.09101764348385029,0.09101764348385029,0.07660495746744604,0.07660495746744604,0.04608897486321864,0.03779931988149664,0.035282036392783316,0.031500320510714386,0.031500320510714386,0.031500320510714386,0.031500320510714386,0.031500320510714386,0.031500320510714386,0.0,0.0,0.0,0.0,0.0,0.0
113,1.0,0.8344565860304481,0.7333410570105903,0.6925660129181548,0.6589206770308494,0.5727296492326623,0.5319546051425308,0.409629472863841,0.3863890432821634,0.18367388513963506,0.08803968090303434,0.04450045310525622,0.0,0.024127843789127433,0.04002776788059547,0.028899988833796086,0.03976409581785846,0.03976409581785846,0.013623610426532914,0.0476306904236287,0.045522511166427485,0.045522511166427485,0.03139531472060979,0.03139531472060979,0.03771362949355813,0.05601283440524443,0.07606110311531547,0.07878970333452717,0.11874114610907505,0.10250244483900339,0.09999592502699084,0.13559445444722637,0.13559445444722637,0.13559445444722637,0.13559445444722637,0.13559445444722637,0.132967975632738,0.11650999615463925,0.11093934684632867,0.08881741011480179,0.08086832879398918,0.08086832879398918,0.08086832879398918,0.08086832879398918,0.08086832879398918,0.08086832879398918,0.08086832879398918,0.08086832879398918,0.08086832879398918
114,1.0,0.9315700475356219,0.7483609279680546,0.7379943763670609,0.5907838420967003,0.48934547066466183,0.37859454779947627,0.31296998957169214,0.28428913793118943,0.16619217902118014,0.09020726879410743,0.03825678237278128,0.03158964016490389,0.018084109732509252,0.018084109732509252,0.02246958932901348,0.060216791115284246,0.060216791115284246,0.055262403929639804,0.06183344334253806,0.07140185144910413,0.057790250733757396,0.04838246426300787,0.08506365673778962,0.08260835379458231,0.1102660430532746,0.1102660430532746,0.12215694092439135,0.12003706881902858,0.12003706881902858,0.12003706881902858,0.07850789138079485,0.07850789138079485,0.07850789138079485,0.07850789138079485,0.07144198628391242,0.06953949598353575,0.021463750019784202,0.008173729077564605,0.008173729077564605,0.0,0.0,0.0,0.0,0.0,0.0,0.0,0.0,0.0
115,1.0,0.9629011170037265,0.8496204967858153,0.7096783616257087,0.6382103365715522,0.6209872195572578,0.5551118900931853,0.49115972193691837,0.40542547045539373,0.2823915179496056,0.2088585294001259,0.14444183477227604,0.10768930326840533,0.09747774189044904,0.10633748628248571,0.10633748628248571,0.10633748628248571,0.11419949414834968,0.11419949414834968,0.12408483754272666,0.12153224941992317,0.12026176741674538,0.10913865939772618,0.11287250195268607,0.12804144106152185,0.13068926361364852,0.13730594053873763,0.13730594053873763,0.15814491083246796,0.1375989181870154,0.1310069878321138,0.09358886837263794,0.09358886837263794,0.09358886837263794,0.09128973463838579,0.09128973463838579,0.09128973463838579,0.09128973463838579,0.08398085630293267,0.06149657827554963,0.046614961646403864,0.020833467340186405,0.0,0.0,0.0,0.0,0.0,0.0,0.0
116,1.0,0.981962007442824,0.8838273595080899,0.8838273595080899,0.8101052787433277,0.7776668241238953,0.6614710756594021,0.583236409980505,0.5507979553830692,0.38860568234089904,0.3645999873052216,0.21170267707749824,0.10039907617230107,0.13169498415765066,0.13169498415765066,0.1375409863244691,0.17142032424117495,0.1397932232108573,0.1624681240821148,0.17910605397250404,0.162739602686878,0.16082182629449926,0.17780372007698134,0.1575125832113389,0.13833119275210973,0.13833119275210973,0.13833119275210973,0.12143677066170908,0.07731298732744483,0.0869801121929441,0.09194244569988344,0.10476434987680446,0.06885333137604051,0.06885333137604051,0.06885333137604051,0.06885333137604051,0.05933131773076616,0.05933131773076616,0.05540757935400069,0.04877727481753305,0.04877727481753305,0.023725889715633528,0.023725889715633528,0.0,0.0,0.0,0.0,0.0,0.0
117,1.0,0.9222701299504751,0.7892244609105328,0.7892244609105328,0.6751662955801507,0.5595864525200562,0.46129209055421444,0.4195495551910431,0.22973446205100745,0.23925001213067226,0.15438346926488022,0.07153347863620406,0.03761552143065377,0.03761552143065377,0.05733629070671221,0.0803512936838413,0.0803512936838413,0.0803512936838413,0.06874743552261002,0.08264310904063785,0.11128103794181711,0.09780707630698635,0.12080015767607502,0.08093156093969218,0.08093156093969218,0.0628941128698047,0.07750806900247754,0.07750806900247754,0.08941995972737397,0.11125161039782085,0.135445515700559,0.135445515700559,0.10748466443639648,0.10339866261015693,0.10339866261015693,0.06480789723149287,0.06480789723149287,0.06480789723149287,0.06480789723149287,0.06480789723149287,0.034863991398158364,0.023873222663033936,0.023873222663033936,0.0,0.0,0.0,0.0,0.0,0.0
118,1.0,0.9167062270963071,0.8402158834464686,0.743786633179843,0.6767503630561391,0.6002600193954948,0.5620148475705755,0.5241837081263594,0.47674903762406523,0.41379783886516,0.4055906337484707,0.18610321097063326,0.10276853142107002,0.0946644317010849,0.08618736668269988,0.09497096860961046,0.08793756927420299,0.043371390703646706,0.061485559400864545,0.04334304641522128,0.0,0.028156759555978732,0.028156759555978732,0.050667154811391064,0.09117769612571984,0.09117769612571984,0.10763792159906256,0.09559873879073151,0.11444424743129061,0.13242165865249333,0.13242165865249333,0.1369568741481673,0.1369568741481673,0.1369568741481673,0.1340277932999091,0.1340277932999091,0.1340277932999091,0.12544514015398972,0.11695852429761572,0.11695852429761572,0.10892624457823999,0.10223786198087882,0.09777548434459554,0.09232063552587212,0.09232063552587212,0.09232063552587212,0.09232063552587212,0.09232063552587212,0.09232063552587212
119,1.0,0.9039360355349361,0.8176843824574577,0.7514106597479476,0.6945358052217598,0.675930479584176,0.6215330454865855,0.6534742162052876,0.6409653727366901,0.5465031452276133,0.42876078120257377,0.3342985536579109,0.3042289323761201,0.2930814123918172,0.3188484911744507,0.3188484911744507,0.3188484911744507,0.3070191613270127,0.2812556857180748,0.2812556857180748,0.2812556857180748,0.29675634353047226,0.27896814863193536,0.28730701903487593,0.2924950804306803,0.24454138933353223,0.2592902212268819,0.25981758782252296,0.14102129096133625,0.13525528998924033,0.09938209040796973,0.09406567986755865,0.08948290101668134,0.08612347401650045,0.02623783160768752,0.02623783160768752,0.02623783160768752,0.02623783160768752,0.025223119000481048,0.025223119000481048,0.0,0.0,0.0,0.0,0.0,0.0,0.0,0.0,0.0
120,1.0,0.9783717203695989,0.9448146128503576,0.7958469203082819,0.6357221161721601,0.44768404723153693,0.4124768276354579,0.2465245045697928,0.19594756872245403,0.15690666883949653,0.1290850476772728,0.11017380224423405,0.03520721959607904,0.0,0.015231077752974203,0.02779124440647648,0.06991209272784987,0.07693381190752978,0.07152727145181961,0.1031324816019546,0.1022907156307803,0.08785004529223472,0.055552218958362556,0.06463124378542404,0.05255702314403264,0.056547971942560886,0.05234733605473895,0.05234733605473895,0.026372291257838812,0.05799398464032642,0.09260510037293374,0.05768536327656695,0.05768536327656695,0.049523083109381805,0.04706552860692712,0.04374974290614691,0.042064946505282814,0.042064946505282814,0.042064946505282814,0.03783770311825114,0.03460800068162114,0.03460800068162114,0.03460800068162114,0.019499109782267807,0.019499109782267807,0.019499109782267807,0.019499109782267807,0.019499109782267807,0.019499109782267807
121,1.0,0.87959415695887,0.8189896102014269,0.6968279525464789,0.6376891191833394,0.5706482257626917,0.520572736628993,0.437951220082619,0.35848462230714734,0.35848462230714734,0.32257544531417304,0.10450620464761877,0.03890530825238971,0.03890530825238971,0.007986025611660447,0.0,0.02451600448713379,0.027579241325158148,0.06207868150862727,0.06555529220868378,0.03767038174913088,0.032514934135186156,0.025276611298649998,0.025276611298649998,0.043929883024662573,0.07270072564901307,0.07270072564901307,0.07270072564901307,0.07987727794202341,0.09919305836845861,0.13560670653018156,0.15153103237981164,0.14255437279287736,0.14255437279287736,0.13105330437975804,0.11377364312501415,0.11377364312501415,0.11109553372582494,0.0993076708855507,0.08876152481057094,0.08876152481057094,0.08876152481057094,0.08876152481057094,0.08876152481057094,0.08876152481057094,0.08876152481057094,0.08876152481057094,0.08876152481057094,0.08876152481057094
122,1.0,0.9022502289923229,0.9022502289923229,0.8381945316385111,0.7247455055968443,0.7023879876525894,0.6954025362448991,0.647067720820239,0.6262486355180363,0.5319864597404187,0.4553115391534187,0.19942155230813416,0.13658010177196692,0.1581513597196842,0.19356753304462698,0.21571781296362635,0.23226638218149664,0.23226638218149664,0.25130773226786624,0.24778066645579122,0.21410841386278878,0.21337639604504632,0.2245645374756936,0.2206412323862986,0.21314324641199672,0.20236124037606867,0.20293089685336113,0.19954107028199497,0.17114243452087113,0.14236495646654065,0.13435022022078674,0.10490993272819789,0.0825229277511542,0.0825229277511542,0.0825229277511542,0.0825229277511542,0.05628868902090028,0.0476495948365188,0.042017363585495945,0.01394608203779793,0.01394608203779793,0.01394608203779793,0.0,0.0,0.0,0.0,0.0,0.0,0.0
123,1.0,0.9052014077400102,0.870130001727383,0.7698971699437119,0.6941637583977996,0.5091073427558696,0.3713134851669727,0.38671613603230276,0.38109431959551743,0.31836445650965434,0.30647832878774806,0.264409805744695,0.011998667319969496,0.010280034274953772,0.02919736275289213,0.04933296927829287,0.07403019246659545,0.08413227388902421,0.06307055345161776,0.06307055345161776,0.06307055345161776,0.05849689624120083,0.05849689624120083,0.05062687159818721,0.07408179727421757,0.07408179727421757,0.09087244668315407,0.08732198417741102,0.08732198417741102,0.11291981800689456,0.0961787703367574,0.07379095386064295,0.07379095386064295,0.06389948279922118,0.05858212333586053,0.05858212333586053,0.0397454427929863,0.0397454427929863,0.0397454427929863,0.0397454427929863,0.0397454427929863,0.027963558975680956,0.019212940327785446,0.0,0.0,0.0,0.0,0.0,0.0
124,1.0,0.7743099221221688,0.7905056480552283,0.7399932079349787,0.7081258258850809,0.6871555256673122,0.6807777238408986,0.5622947096405958,0.42068397966374105,0.272130350985193,0.2627460250716315,0.07723426288879162,0.07723426288879162,0.02036770176713635,0.0,0.011615264762946926,0.06779624314414168,0.031606213998629104,0.07221657447006712,0.10486010380842685,0.09570940866225099,0.09141561484755437,0.09140219102655893,0.11555266301286607,0.10140220259328425,0.0633413432191349,0.0633413432191349,0.04930471703343161,0.037073949436284906,0.06904964058129165,0.13107260004920487,0.14325176557478692,0.12476879984713043,0.12476879984713043,0.0719252843408825,0.0719252843408825,0.0719252843408825,0.06120832115258485,0.05059530419047312,0.05059530419047312,0.03483895786835304,0.03483895786835304,0.03483895786835304,0.03483895786835304,0.03483895786835304,0.03483895786835304,0.03483895786835304,0.03483895786835304,0.03483895786835304
125,1.0,0.9823135937415814,0.8008777717950348,0.757476390385907,0.6088906897003838,0.5056457397606748,0.4292073935679353,0.38107962346651997,0.3298004696180325,0.16028152097250192,0.11800693016217069,0.04156858399750755,0.0,0.03468513444936742,0.046089111146988264,0.05917781179633752,0.09960505806987119,0.0696887012083662,0.11063515922778173,0.10473187363941995,0.12122533526770041,0.1797711158047196,0.19716576401626543,0.1982989483781078,0.23377930883109274,0.25807295550338605,0.2405712975468199,0.24966867293164877,0.24966867293164877,0.2871552857621915,0.2871552857621915,0.30601503596845137,0.2908732850767935,0.28689396160143193,0.2849086422485293,0.2434057425826716,0.23588781803925485,0.22537949803124704,0.21032620385371523,0.1900492420113166,0.1813934722889011,0.159412648268443,0.15286062250988994,0.15286062250988994,0.15286062250988994,0.15286062250988994,0.15286062250988994,0.15286062250988994,0.15286062250988994
126,1.0,0.8593842913748423,0.8224381363726877,0.7076275613545988,0.7295569274478433,0.7295569274478433,0.6081968474768633,0.5125181605223833,0.4871146371726857,0.40850309731418655,0.30366774434025245,0.26990466543432773,0.24188897334859583,0.24188897334859583,0.21959575524279387,0.24909086303028272,0.266524120057711,0.25499372785500046,0.23103537391840218,0.12985261540394852,0.1395527451116528,0.11619550781187372,0.091221118909807,0.091221118909807,0.09791520267802502,0.07861389602478602,0.03843522355906218,0.03843522355906218,0.022424433828714552,0.06709220253347946,0.06358568265670415,0.07892362386355259,0.06813536222261131,0.050093535099702595,0.03491652569825598,0.026252814154556783,0.026252814154556783,0.026252814154556783,0.026252814154556783,0.026252814154556783,0.026252814154556783,0.00812233358296926,0.00812233358296926,0.0,0.0,0.0,0.0,0.0,0.0
127,1.0,0.9759012342846854,0.9373645132989685,0.8275006284518269,0.7900386244923869,0.672880330311919,0.6841453503606298,0.5824084069565955,0.5080102871219989,0.3736999297079698,0.2118918370823091,0.20896096323779345,0.07095274344813182,0.07001439090326954,0.06779960772072402,0.08765068429831077,0.08765068429831077,0.08962060530852602,0.08142487920120989,0.0033828899488972317,0.0033828899488972317,0.0068885193270415155,0.01754918445239407,0.0164352111530041,0.045353921855555486,0.045353921855555486,0.06430165213437256,0.10524908003134224,0.10524908003134224,0.10593787796758536,0.12404925627817728,0.12404925627817728,0.12404925627817728,0.105881778463687,0.105881778463687,0.10339817490381883,0.0965490869521238,0.0965490869521238,0.0965490869521238,0.07280445746835879,0.029690219636063973,0.012106741937808535,0.007721434112552484,0.0,0.0,0.0,0.0,0.0,0.0
128,1.0,0.9819890338511854,0.9270435634427986,0.8851106607089362,0.8096416071226922,0.6945669641793084,0.5813633838010086,0.5218746854030636,0.4821775557196776,0.3661057461813824,0.2529021657887959,0.24159942310980656,0.09211201892077628,0.0396079905988915,0.052411180278276494,0.050244353825801884,0.044511127321731625,0.0680574314534471,0.07557063593724564,0.06974220820864022,0.08507036669976617,0.0944275657638239,0.0599855029726809,0.0626204621755144,0.05541119788878921,0.06211194099479248,0.09529925627800061,0.09529925627800061,0.08312038878447905,0.07803908443382597,0.07158385584826693,0.07158385584826693,0.06254792248104442,0.06254792248104442,0.05472370538935563,0.05472370538935563,0.05472370538935563,0.05044788568103146,0.044066317266050904,0.044066317266050904,0.03010731301658757,0.008765554989287182,0.008765554989287182,0.0,0.0,0.0,0.0,0.0,0.0
129,1.0,0.9182398670592178,0.8773598005934469,0.8044327331056204,0.7226726001740785,0.5865024101761114,0.5456223436872396,0.4940488391866429,0.479728633805218,0.40581747367816445,0.3324676838937394,0.09062870191132133,0.0,0.02633094183064327,0.02633094183064327,0.04105974275604143,0.06883823306832332,0.08678720142700073,0.07752646053313801,0.08028193540474844,0.07290739174426493,0.11396558861220761,0.07804347183936051,0.07804347183936051,0.07804347183936051,0.10387001676622189,0.13411562871998836,0.10157728429424225,0.13915582285739928,0.13988650529988197,0.1566130416266145,0.1566130416266145,0.1566130416266145,0.1556025478362709,0.14712610617933172,0.14712610617933172,0.14712610617933172,0.1311040674032191,0.12419053321628933,0.12310436426607169,0.10679517878387969,0.08431905746080735,0.051211891594912975,0.051211891594912975,0.051211891594912975,0.051211891594912975,0.051211891594912975,0.051211891594912975,0.051211891594912975
130,0.9881807563281104,1.0,0.9182710513856417,0.8818365791095187,0.8472984981156059,0.7097980351295047,0.6372232073431202,0.5237940680519901,0.521761937794452,0.410141463070911,0.2595235416380743,0.1515853643416806,0.1515853643416806,0.16800789573065908,0.1579116954469354,0.17290867785414027,0.17239416022711462,0.17239416022711462,0.18870808315448315,0.2143244060006594,0.21463464953466743,0.19855951692921098,0.20180834022182248,0.25017389867291123,0.2366635155174455,0.23550608329338502,0.23550608329338502,0.23550608329338502,0.2222119336118879,0.2342835225912653,0.2321398771173391,0.2321398771173391,0.2252730506152949,0.22149485903554866,0.18729777474993511,0.13059437707117377,0.1023149047839786,0.08548074887240516,0.07546643226765072,0.07546643226765072,0.047192595734675075,0.028921463576020396,0.007437417790952543,0.0,0.0,0.0,0.0,0.0,0.0
131,1.0,0.8942361937854664,0.8033367375897774,0.6376365930841652,0.5489369056557027,0.47604962129646017,0.4231446187049035,0.3943464541079262,0.38905734118622254,0.30808965497933266,0.230269236418489,0.19838861431392182,0.1488453604701527,0.1399171554172976,0.1399171554172976,0.03526958099063234,0.05224518872806181,0.032919635905980064,0.04586657773375556,0.04931640570810885,0.07245799359428239,0.09757959419465909,0.10657231140087772,0.11312890297890651,0.11374449555845646,0.10462097894224301,0.1350313694374817,0.13446375887778383,0.10668498429842739,0.11359458091981899,0.11359458091981899,0.11359458091981899,0.11359458091981899,0.11359458091981899,0.1057207097457943,0.1057207097457943,0.09955848212945863,0.094471274653465,0.020058182622927353,0.015104521988922584,0.015104521988922584,0.006368229197580213,0.000919517439058829,0.0,0.0,0.0,0.0,0.0,0.0
132,1.0,0.945717461404182,0.8586577684359885,0.8546217507135822,0.7633003447032843,0.6651227486392456,0.6727855929207243,0.5746079967290844,0.44103560695308475,0.38642799431180685,0.35370212895959324,0.22279866753224561,0.14079334045803957,0.14079334045803957,0.12911773883583028,0.09709810237061241,0.11955634139884035,0.11955634139884035,0.11955634139884035,0.13234792290294384,0.12446515853701022,0.12446515853701022,0.11293636217611178,0.0,0.0,0.009591671380686494,0.05960522208961354,0.07080159999861649,0.07080159999861649,0.06698725855773284,0.09288015826166625,0.089588902450443,0.089588902450443,0.08701449512960663,0.08701449512960663,0.08701449512960663,0.08438380197642578,0.07847626186213877,0.07847626186213877,0.0745469485144176,0.0745469485144176,0.07118160709420114,0.07118160709420114,0.06714583075783892,0.06714583075783892,0.06714583075783892,0.06714583075783892,0.06714583075783892,0.06714583075783892
133,1.0,0.9553647026005448,0.9644626347948286,0.8492915261073564,0.7448796674416761,0.705907175288181,0.618208572826566,0.5099464302165551,0.46160967984295376,0.13908807453798264,0.06015228854053255,0.012570595474881818,0.0,0.01625435325862321,0.06843607474477544,0.09110811299008278,0.1397785157755006,0.17409707443885966,0.18810653509944486,0.173063052910489,0.19710157543728235,0.17442892653207467,0.17442892653207467,0.18867579687623995,0.20835276551404736,0.24129285887284985,0.24129285887284985,0.24182844990629365,0.2619895902772924,0.25565069355929904,0.25565069355929904,0.25565069355929904,0.2426946349625446,0.2386368770271211,0.2386368770271211,0.2004718274506028,0.1767268385663551,0.17542323313954986,0.15540274927995076,0.15540274927995076,0.13779452805946626,0.11817142797545056,0.09393047257657365,0.08837188720329538,0.08837188720329538,0.08837188720329538,0.08837188720329538,0.08837188720329538,0.08837188720329538
134,1.0,0.8817334672254068,0.857413505310689,0.8384394715087479,0.8104039246076176,0.7183487519593669,0.6146618384577683,0.49117097103998053,0.2518907985326655,0.22216941342521696,0.17352300478908905,0.2207369709131969,0.2207369709131969,0.21614666674159408,0.21614666674159408,0.1147273409576749,0.1412356807057182,0.226074587578632,0.2268392191474764,0.2073862843896471,0.2073862843896471,0.14658149509724758,0.13283203959411666,0.12771439687163205,0.11678212191731914,0.11326490987644061,0.12747523471258757,0.13283724995254564,0.12839518105507902,0.12839518105507902,0.12839518105507902,0.12205837279216886,0.12041252894179466,0.12041252894179466,0.10493195179500464,0.10493195179500464,0.10224845796702166,0.10224845796702166,0.10224845796702166,0.04730102353999497,0.01934323945927378,0.01934323945927378,0.01934323945927378,0.0,0.0,0.0,0.0,0.0,0.0
135,1.0,0.8714705605237673,0.822096981638176,0.7887328172719793,0.8167787116322467,0.6319865304029322,0.5628970718834923,0.5112723199371252,0.44959075316652963,0.2885907838893373,0.23142584964871257,0.23142584964871257,0.07202191011097141,0.07989941209855576,0.07659841230134064,0.07064409021737922,0.04264032128092811,0.03637053958233919,0.025286273751679005,0.00048357676921863924,0.027686753919439797,0.03167388373534059,0.04424432777749224,0.07264751548594918,0.07264751548594918,0.07921923255955234,0.0455940196798089,0.0455940196798089,0.0455940196798089,0.0455940196798089,0.07457478283274747,0.07457478283274747,0.04594716584989696,0.039118456174143966,0.039118456174143966,0.039118456174143966,0.039118456174143966,0.039118456174143966,0.039118456174143966,0.039118456174143966,0.039118456174143966,0.004114491810816071,0.004114491810816071,0.0,0.0,0.0,0.0,0.0,0.0
136,1.0,0.9177941294417821,0.9109262403364387,0.8461203310228843,0.8205332836085683,0.7337984975417028,0.6396935916642527,0.5497683935618918,0.4019382286377164,0.35369559397064937,0.34766427704794484,0.27995075111455003,0.21514484181930654,0.21155584407193748,0.20080314194677357,0.1708376025146215,0.21784678579731315,0.20045326997101692,0.20045326997101692,0.21248805638275334,0.2034601765428149,0.19260183853607352,0.17811915221517174,0.17539831391541788,0.17539831391541788,0.18761257809147702,0.17963924030913309,0.17963924030913309,0.17135672940973085,0.14329305119602603,0.14329305119602603,0.15102176399111564,0.1481163810615381,0.14652438048609,0.11589313316678442,0.11589313316678442,0.09490802410395655,0.09490802410395655,0.09490802410395655,0.07743549595008314,0.07743549595008314,0.0436376307277165,0.015577946309502516,0.0,0.0,0.0,0.0,0.0,0.0
137,1.0,0.8162081501782583,0.7794497802201413,0.7138421521935345,0.6274728320453818,0.5769357056065396,0.40396072976224146,0.40211957107809465,0.335137019060569,0.20115294304932346,0.12830721690919153,0.054790476980494725,0.0,0.0,0.038478327589820754,0.05523529231336741,0.04039760008577932,0.038321559810353366,0.04671715859917819,0.06502995838284563,0.11042852480866149,0.11734290341187129,0.1297214612307341,0.14740208865662352,0.17320419180537852,0.14751195675992204,0.08756239413721166,0.08756239413721166,0.08157752527696617,0.10101550483157447,0.0910094356822796,0.10173699528153629,0.10173699528153629,0.10173699528153629,0.09477702657457807,0.09477702657457807,0.09477702657457807,0.07779275513105388,0.07424303183843962,0.07424303183843962,0.07424303183843962,0.07424303183843962,0.06786928892831055,0.06786928892831055,0.06786928892831055,0.06786928892831055,0.06786928892831055,0.06786928892831055,0.06786928892831055
138,1.0,0.9109799290634867,0.8306829156044978,0.707765263906212,0.7367924116454445,0.6262097350656867,0.6118765514484967,0.4338364096006219,0.4163326321997468,0.3016722874652594,0.27076438021294846,0.15210284180324277,0.10922958707269273,0.14766584804376096,0.14766584804376096,0.14057137333868983,0.10122689851485764,0.05105621632662958,0.05234464220602956,0.0,0.03859339368813396,0.037651376539863175,0.05648629807896004,0.05648629807896004,0.052023405357661714,0.06668345225992056,0.11631315004838956,0.08713695522268389,0.08713695522268389,0.07756150528175265,0.10500208725706976,0.09990632477585594,0.09990632477585594,0.09990632477585594,0.09812933958487151,0.09812933958487151,0.09812933958487151,0.07091543032535469,0.07091543032535469,0.07091543032535469,0.06365458270211198,0.05122629492532737,0.03433733358131999,0.03433733358131999,0.03433733358131999,0.03433733358131999,0.03433733358131999,0.03433733358131999,0.03433733358131999
139,1.0,0.9077930012755532,0.806536616045117,0.640433260444443,0.6436044828306471,0.4650454689636051,0.4059770217124778,0.3543650463386293,0.24722963805271067,0.20637771884864214,0.2533061903503017,0.22741572307474692,0.22475507589037902,0.20903625042439597,0.20903625042439597,0.21879997242530527,0.23725055885847668,0.2137736651934079,0.2151262838324619,0.21333633906291682,0.21333633906291682,0.21333633906291682,0.16076686522566833,0.15744856585775382,0.1233779465637937,0.11469578317636786,0.13922561982478096,0.13922561982478096,0.15738898992131542,0.14224285634440365,0.14224285634440365,0.12065155278585099,0.10713611152187494,0.09953011879105304,0.071258817717636,0.05738788909858348,0.05738788909858348,0.05738788909858348,0.053068208252839484,0.053068208252839484,0.00793669218637552,0.00793669218637552,0.0,0.0,0.0,0.0,0.0,0.0,0.0
140,1.0,0.897058214459383,0.8385558162126338,0.7242197705964302,0.6732467889199756,0.5643633559223622,0.5300494273719814,0.4927720061383145,0.4469060513905946,0.37040580501185155,0.3109651150053956,0.24233725794341462,0.21448428297496877,0.24239186286874542,0.23952434422842486,0.23104316333127276,0.2128411534394242,0.19889125228804655,0.21904375517121302,0.2408338183556915,0.23596301854132423,0.22293099814077932,0.23542493523796632,0.07494667526910002,0.06777751154387336,0.09403315805548208,0.09403315805548208,0.11914855399709566,0.14444505303001007,0.14444505303001007,0.09590034513875419,0.11448970816467606,0.07650244466944077,0.07650244466944077,0.07650244466944077,0.06757229910012162,0.06757229910012162,0.01996913600907529,0.01996913600907529,0.01996913600907529,0.010347620354368257,0.002111921303910851,0.002111921303910851,0.0,0.0,0.0,0.0,0.0,0.0
141,1.0,0.8717560958209685,0.869137373313128,0.7614590776453131,0.6501219563426658,0.5631416052359454,0.5619748633326861,0.4358054991306624,0.3610579443665177,0.3049631240602985,0.20159385970046995,0.16781183200710936,0.008413587175508015,0.008413587175508015,0.008413587175508015,0.0,0.024863259572982726,0.03633384733278566,0.042052512234593324,0.0377485380593842,0.05539280394395512,0.05539280394395512,0.048203092511183716,0.03616230619473087,0.04405497940654341,0.04405497940654341,0.03315717390710209,0.05172751011252975,0.04130141891664996,0.04130141891664996,0.09849903858601794,0.1055798873989925,0.10086767197889923,0.10086767197889923,0.09828040970194882,0.0933804489558039,0.0933804489558039,0.08989160534358363,0.08989160534358363,0.06215990457161508,0.05906094082457495,0.04110819777438893,0.029293098270863002,0.01171732031846077,0.01171732031846077,0.01171732031846077,0.01171732031846077,0.01171732031846077,0.01171732031846077
142,1.0,0.7425301717135924,0.718047215617745,0.5084048968878142,0.5713869242262382,0.40223354949545753,0.3197129413224058,0.23126085576605268,0.16523386054097888,0.16523386054097888,0.0820998622584243,0.06299861364067498,0.02000998867296555,0.02000998867296555,0.02000998867296555,0.051952017727482376,0.09025468210484934,0.07821791127492496,0.07100994582860719,0.07162945393783786,0.09043270777300981,0.09649283881873505,0.09649283881873505,0.07948934036810155,0.06283206297147412,0.0328319872600169,0.07405553526635845,0.10371262503248045,0.10371262503248045,0.10371262503248045,0.11783874012732651,0.11783874012732651,0.11183358270299006,0.07343299751067482,0.07343299751067482,0.07343299751067482,0.07343299751067482,0.07343299751067482,0.046161336977232924,0.046161336977232924,0.0,0.0,0.0,0.0,0.0,0.0,0.0,0.0,0.0
143,1.0,0.9601043237118015,0.9010525462383541,0.7645896396593531,0.723555866027175,0.6382123299787426,0.48358625805224664,0.492003583190248,0.5123520417236624,0.44352387494482337,0.3474141301881099,0.24119318092252362,0.13208023329182728,0.13781352886421463,0.13781352886421463,0.10503028905473577,0.1090987440389655,0.1090987440389655,0.10106042800829672,0.10106042800829672,0.13318587182187763,0.11180628948903637,0.1399714989984862,0.1350622271331548,0.143226619637997,0.1557730691636792,0.1302980039778888,0.12998748077601216,0.12998748077601216,0.12998748077601216,0.14391783657653687,0.07682148205496668,0.06555537541729081,0.06555537541729081,0.058281051239814904,0.058281051239814904,0.055270903876775974,0.055270903876775974,0.03853646335599333,0.029236582212248348,0.01948217972567404,0.01948217972567404,0.01948217972567404,0.0,0.0,0.0,0.0,0.0,0.0
144,1.0,0.9153667437146051,0.8009037791470159,0.7060609561690818,0.6292696040806726,0.49941558016576176,0.5112421720483548,0.5251560157167426,0.46602847518118534,0.4237118470432705,0.2967619626199604,0.22315346274188402,0.19736582684294626,0.10076701357409018,0.13911782412128695,0.14629194253891445,0.14629194253891445,0.13524096751871661,0.16838412865563906,0.16838412865563906,0.16882326989829785,0.1566064927225208,0.13324651041085775,0.14111510325365187,0.1524438003872193,0.16080315769079379,0.1910031085716427,0.18181084737947106,0.18181084737947106,0.21983359682465378,0.21983359682465378,0.2092584822193528,0.2092584822193528,0.1732209569902086,0.14686730310598972,0.12775723300735767,0.09878722882908116,0.055957076176719946,0.05459338137962394,0.04666996774515701,0.029787663071238278,0.029787663071238278,0.029787663071238278,0.0,0.0,0.0,0.0,0.0,0.0
145,1.0,0.846495917926084,0.837804419747544,0.7442484776406354,0.6752073393847174,0.5204024246711759,0.5562238184141088,0.5231669868947942,0.43280685700497656,0.40915319349211565,0.27025094339729716,0.17486914955640642,0.10936502162143873,0.15835493015014734,0.15780122183061546,0.15494637714133633,0.17523576022309337,0.1850238208998963,0.1850238208998963,0.1337001582708179,0.09494771735616264,0.09113480334122405,0.08366448157319599,0.08366448157319599,0.10007797217263088,0.11810113513895298,0.09848634508104932,0.11414570986764142,0.11414570986764142,0.10818936822526545,0.07361076570568689,0.09004548970489905,0.08286904937211215,0.07272740739665787,0.06376115437466165,0.06376115437466165,0.02036303477496622,0.016736804783023675,0.007637380584097961,0.007637380584097961,0.0,0.0,0.0,0.0,0.0,0.0,0.0,0.0,0.0
146,1.0,0.9936929148815684,0.9211823918432727,0.8921836278333357,0.8567286322614835,0.7031220075289596,0.5613020252255226,0.46995202527831326,0.39585663421233536,0.26513805535109464,0.24884880411734642,0.1288459328710735,0.08964166667779155,0.08964166667779155,0.056312201586458485,0.06497650094481477,0.05359496115028614,0.05359496115028614,0.030203303154738955,0.010704549693099323,0.0,0.0304723835747225,0.04660897486061292,0.06242660951057115,0.05736682503656195,0.07204886348640066,0.09646981343344163,0.09646981343344163,0.12664212222475127,0.17319064069167597,0.18620234872367472,0.17658578645423115,0.17658578645423115,0.17658578645423115,0.17658578645423115,0.16296915769734552,0.13308645562384636,0.13308645562384636,0.13308645562384636,0.12157324572721145,0.12157324572721145,0.10274639263619618,0.10274639263619618,0.10274639263619618,0.10274639263619618,0.10274639263619618,0.10274639263619618,0.10274639263619618,0.10274639263619618
147,1.0,0.9423521243715783,0.956936562223174,0.7976820301324844,0.7300352166971202,0.624686060863116,0.5405437447744255,0.5294006736624698,0.41241715215222335,0.32411019374936934,0.3123260215787331,0.17571859776784057,0.031157784262559343,0.06670490837490134,0.08477240258279264,0.08477240258279264,0.10593357031835905,0.07472035366990418,0.07935322375505556,0.069868656430661,0.069868656430661,0.06364248535313646,0.02522525036821985,0.029933761957434007,0.029933761957434007,0.04032267028458745,0.03541722216582368,0.04802733593747431,0.08581690877103917,0.138931118202222,0.138931118202222,0.08622228555306699,0.08622228555306699,0.08622228555306699,0.08622228555306699,0.08622228555306699,0.07613518166544603,0.07613518166544603,0.07613518166544603,0.07177171025378686,0.030545129581087217,0.011704897639868405,0.0,0.0,0.0,0.0,0.0,0.0,0.0
148,1.0,0.878679128411384,0.7638031511827265,0.6653142989114258,0.6560678313721474,0.5857622584427508,0.5445866089327263,0.48698384358578,0.4386404808660481,0.3599327101077659,0.25505979171912535,0.23981084358690358,0.12682779061271274,0.1286834481000477,0.124233881857318,0.1381026970047918,0.14191628043958862,0.10509922411353223,0.11678157867323591,0.10933116647395852,0.10155278556877209,0.10547534806980416,0.01970175568332862,0.04218436417673217,0.053824433858621186,0.05797759458909361,0.047026359664897696,0.05934204208509719,0.05934204208509719,0.05934204208509719,0.06654842185546989,0.06654842185546989,0.06654842185546989,0.06504525672855252,0.06504525672855252,0.06504525672855252,0.06504525672855252,0.06231992462921323,0.06062662759262657,0.055402706564630325,0.03288243266668917,0.025576318813105892,0.0,0.0,0.0,0.0,0.0,0.0,0.0
149,0.9604328755160723,1.0,0.9850155331380089,0.9327281126385423,0.8882797941392683,0.7894169687928152,0.7094595994864893,0.5367954185996214,0.5192096166415069,0.44179706651946565,0.342934241161839,0.1752057772633175,0.06639312807209702,0.06639312807209702,0.07353029457697442,0.07353029457697442,0.07353029457697442,0.04991835789897942,0.06946121875010043,0.07981377308334386,0.07228805145708062,0.1019016025278485,0.06376536036062415,0.05625326286582297,0.07162579565507039,0.07116070847293907,0.0821055529164761,0.0821055529164761,0.0821055529164761,0.09076204153569119,0.09319928036565721,0.05000686443647644,0.05000686443647644,0.04326204760500327,0.03627416617997317,0.0163779424154505,0.010521016271761567,0.010521016271761567,0.0,0.0,0.0,0.0,0.0,0.0,0.0,0.0,0.0,0.0,0.0
150,1.0,0.9282474912269664,0.8228134609694787,0.8359248333515592,0.7650086028110535,0.7471482692800397,0.6125994946320084,0.507404650916296,0.47660017774729513,0.40932579053732815,0.23555777475256412,0.22936442161148018,0.17237443916626252,0.17237443916626252,0.17237443916626252,0.15238619672651021,0.14508496143078226,0.12284821450490255,0.12284821450490255,0.08160139554238349,0.07910848212859524,0.08937652836181591,0.08937652836181591,0.11901018157834106,0.11901018157834106,0.1158434608665372,0.1158434608665372,0.13819664075325916,0.16990408481298527,0.1723168327184979,0.1723168327184979,0.15994250588100684,0.10998948649889312,0.08748930893483116,0.07829237107939428,0.04688321619372782,0.04688321619372782,0.01283782545773431,0.009339495446311255,0.009339495446311255,0.0014684269772662077,0.0014684269772662077,0.0014684269772662077,0.0,0.0,0.0,0.0,0.0,0.0
151,1.0,0.8934702769139163,0.8934702769139163,0.8312392932967018,0.7933420648787701,0.7291921583404817,0.619137130278079,0.6165509275894036,0.5157513875737292,0.4169392670778952,0.393675780877793,0.25286012970536076,0.13247697879403061,0.20333029844167716,0.21673229807029312,0.21519705999124406,0.21519705999124406,0.20685638859818856,0.19149583474675913,0.19149583474675913,0.1954457644979653,0.14767395074948286,0.14767395074948286,0.12647742832305858,0.12116191589675442,0.11001629685664756,0.11001629685664756,0.11001629685664756,0.11345390525382548,0.07545882385810587,0.10713809617557284,0.1256236876575294,0.0884269490931447,0.0795454649480082,0.0795454649480082,0.0775524135981743,0.0775524135981743,0.0775524135981743,0.062404175879362214,0.059921372891411875,0.059921372891411875,0.04416296221353907,0.007000493584534128,0.0,0.0,0.0,0.0,0.0,0.0
152,1.0,0.9262621174504426,0.905176810594756,0.8335409175897547,0.7009369096127338,0.6464317020985767,0.6255214597255444,0.5886525184497242,0.4411767532922737,0.4537705085527779,0.28722858603243795,0.13937880441657283,0.06460181223969104,0.034338027558968275,0.015607756027885111,0.033986475829545164,0.019428259338569162,0.04243443904176087,0.03263739321520435,0.05559709342806447,0.047174873148815404,0.08306426448749062,0.07490024038913048,0.07321129206780555,0.06802356919006096,0.03886377895847456,0.0797044710314553,0.066789544360552,0.08655724913508378,0.075312100146622,0.06656094498212935,0.06656094498212935,0.047506490736199405,0.047506490736199405,0.021951266061609777,0.021951266061609777,0.021951266061609777,0.021951266061609777,0.021951266061609777,0.021951266061609777,0.016939758957983612,0.0,0.0,0.0,0.0,0.0,0.0,0.0,0.0
153,1.0,0.9389143068667051,0.7969832656343686,0.7355560431338953,0.5799246636097287,0.5371679390070183,0.4557013547572203,0.42474717132474676,0.2907949316292976,0.372533711866779,0.2397266429681222,0.14147206428334022,0.017092777705256613,0.03364260952368808,0.06676757810029035,0.08189772091927174,0.08189772091927174,0.08189772091927174,0.08189772091927174,0.0752935708097978,0.0649119810818256,0.05724068186402425,0.05724068186402425,0.10292220423464728,0.09819473203762766,0.12659198766818855,0.11447224697681066,0.16919970877934212,0.16727715284779981,0.1525581264218697,0.1525581264218697,0.12966694697123718,0.09032568667778408,0.08322899103837672,0.07285025332206119,0.0483359867241842,0.04073688229148723,0.020901537441906932,0.020901537441906932,0.020901537441906932,0.020901537441906932,0.020901537441906932,0.0,0.0,0.0,0.0,0.0,0.0,0.0
154,1.0,0.902110247201841,0.8653487460572342,0.8166497653087054,0.7226122801571803,0.6850820629014994,0.5944907944152201,0.5640933331157368,0.4729009494234145,0.3370128677813264,0.27419527487584194,0.16796210000453152,0.11928514778513016,0.12214916040384836,0.12509209276597935,0.04611585334051569,0.05739230990625048,0.056608442915657996,0.056608442915657996,0.04431591832745713,0.07060231967239133,0.06724750197025531,0.07686601428855605,0.05809817148925282,0.07483935666962563,0.07027283959109007,0.10584135829161057,0.04691062574052555,0.040220445610893815,0.04724594239803504,0.06580579996992374,0.07601653132774208,0.07601653132774208,0.07457034676071181,0.07457034676071181,0.07457034676071181,0.060455552216437766,0.058406698259870035,0.04737318352189454,0.04737318352189454,0.038548476311873144,0.0,0.0,0.0,0.0,0.0,0.0,0.0,0.0
155,1.0,0.9840337734739322,0.9410225945162295,0.7984996837396233,0.778427215878799,0.725335311420037,0.6130706728011321,0.5034190607009391,0.44012837855032305,0.34452596493631005,0.3182521431473399,0.28767315721852316,0.12095959448253711,0.13859884946699416,0.16519635942216826,0.18872446054123984,0.18872446054123984,0.20317373499707858,0.1897594481008268,0.17212274185225185,0.1655292219077574,0.1572425817137163,0.09393400312643545,0.10436542079697052,0.10808946472859254,0.0874821670956105,0.1101531246990735,0.09671651507179994,0.09671651507179994,0.10563530325479735,0.10933790493981073,0.07347174931143577,0.07347174931143577,0.07061774821565445,0.07061774821565445,0.0634874137816532,0.058517654979675524,0.058517654979675524,0.037455394189368454,0.029278958722533048,0.0,0.0,0.0,0.0,0.0,0.0,0.0,0.0,0.0
156,1.0,0.931391234648887,0.9100715763323298,0.834515091277007,0.8430279127613706,0.7058103817916295,0.616005686740395,0.44453590579408403,0.35607593780767327,0.2811975852550936,0.1732856026558556,0.13898121995122134,0.12512211705354306,0.12749485961891752,0.12054425438953292,0.14211663369958896,0.15313830859097388,0.18479692634292572,0.18344788863075015,0.18344788863075015,0.16493868186348595,0.13298361219145408,0.13298361219145408,0.12834126754331907,0.0910061618974313,0.08310756151461604,0.0936578624137609,0.0936578624137609,0.10051405138702706,0.10969959377621025,0.09913863622800981,0.07415685448328001,0.07415685448328001,0.07415685448328001,0.07415685448328001,0.06995197290787442,0.06995197290787442,0.060330675167503185,0.058492180075534306,0.058492180075534306,0.03578114760818024,0.0,0.0,0.0,0.0,0.0,0.0,0.0,0.0
157,1.0,0.9628607536333238,0.8514430145626768,0.7943397985397614,0.6457828130940437,0.47588441908555007,0.40984990249117603,0.40984990249117603,0.3452784835392478,0.19672149805785247,0.13440624248539212,0.07634962186543606,0.036997888221117256,0.05006135852540174,0.0,0.016369266060531795,0.037400280909803664,0.023151052503771502,0.05640724765436795,0.08899879238253089,0.10145721184915577,0.10145721184915577,0.11655432231217516,0.13577501515505516,0.11524350403178854,0.10961354657287072,0.11286787845666249,0.14921229467405964,0.16797700991742334,0.19458743064627695,0.22624159629923518,0.24690087398216326,0.23262622762459428,0.21878863403211776,0.21115262275948518,0.21115262275948518,0.20267845488577987,0.20267845488577987,0.20267845488577987,0.20267845488577987,0.20267845488577987,0.19888212571292269,0.1590720246121857,0.15528161314904798,0.15528161314904798,0.15528161314904798,0.15528161314904798,0.15528161314904798,0.15528161314904798
158,1.0,0.9390241407155822,0.8698912729216222,0.7989487751143554,0.6321946522846285,0.5734904856442227,0.5193809340684981,0.3400224957515208,0.3380679049835854,0.30993955697624204,0.18569611257376165,0.09274610469098933,0.10704153881450701,0.12061314755614501,0.12426002482132881,0.1253239543527825,0.11418670601614087,0.11418670601614087,0.15039034254992464,0.15039034254992464,0.1439636754851331,0.1563725209773168,0.1584823229284601,0.14350212617068278,0.14350212617068278,0.14150560413388152,0.13197153059955777,0.12402057595868181,0.14752718545703483,0.11137961584496102,0.11137961584496102,0.11137961584496102,0.08493920197585383,0.0688466691725157,0.06654850693160327,0.06654850693160327,0.06048166740324096,0.051096186580400736,0.051096186580400736,0.0326894982311474,0.0326894982311474,0.0326894982311474,0.02870664569434327,0.0,0.0,0.0,0.0,0.0,0.0
159,1.0,0.9486768667039555,0.9200629520083365,0.8326344663405486,0.8148518042482766,0.7342743229446326,0.691412905929185,0.6546604884841878,0.5358618848157154,0.5811508458682952,0.4620471407102357,0.3746186550053935,0.10284977946360299,0.09889293764420348,0.09147032997411216,0.05200346229633822,0.0488259340730688,0.04517495872064246,0.04916099474839916,0.04916099474839916,0.041552919891870134,0.05949821555543476,0.0,0.024690181489603013,0.018763259780022523,0.031089108592808376,0.057035093269729324,0.057035093269729324,0.10506812248515168,0.11801001305258133,0.13177092031079596,0.1261917305601475,0.12436461461315255,0.12436461461315255,0.0904185823413509,0.08079829865241915,0.06038347720607019,0.058921263191477447,0.058921263191477447,0.044569549389024715,0.031178216266342127,0.024908308239863543,0.024908308239863543,0.024908308239863543,0.024908308239863543,0.024908308239863543,0.024908308239863543,0.024908308239863543,0.024908308239863543
160,1.0,0.7546008681338034,0.6903742237526528,0.674269334487608,0.6378532701110212,0.5609312693267187,0.4965492587763792,0.331274093158501,0.22927248170038092,0.15235048088347772,0.08470380014548579,0.028099453993753777,0.028099453993753777,0.047885899453531194,0.047885899453531194,0.0717871814785001,0.0901886334668467,0.10971503330765446,0.13596546921303235,0.13078262198846013,0.1313792868439081,0.17106952526624625,0.14784841997982223,0.1378985320917488,0.08900611858725772,0.08900611858725772,0.08249551602318224,0.08249551602318224,0.12294695062018754,0.13184874840313549,0.13931855058516912,0.09374456820200287,0.09374456820200287,0.09374456820200287,0.0863012684598851,0.0863012684598851,0.06096936275349379,0.06096936275349379,0.06096936275349379,0.05382599175488809,0.04160581186931872,0.04160581186931872,0.04160581186931872,0.0,0.0,0.0,0.0,0.0,0.0
161,1.0,0.9197672410853406,0.9197672410853406,0.863437388627381,0.8445089579121028,0.7415072256980374,0.7693529736501731,0.7288947663668441,0.662541838088299,0.5229011597664689,0.36466328295154354,0.23715676575968112,0.14152687787569146,0.1680778539082859,0.1680778539082859,0.18988663750549925,0.18988663750549925,0.1579696287816076,0.15363657205403325,0.11830849288553744,0.07793490693625388,0.07793490693625388,0.09613789335046782,0.08836163979884062,0.07400993201402298,0.019182541386112056,0.03280246986803949,0.043221691278100084,0.06583921616712432,0.06583921616712432,0.07575868085113703,0.05656447600828592,0.05656447600828592,0.05656447600828592,0.05490862414290686,0.041085787069545084,0.041085787069545084,0.03393230756788988,0.03393230756788988,0.030104959883875484,0.030104959883875484,0.02117745980409989,0.0,0.0,0.0,0.0,0.0,0.0,0.0
162,1.0,0.9177487241294137,0.8905627018610748,0.819982208426796,0.7804175397454993,0.6923040080339924,0.6231588940860774,0.5039779977575408,0.5304304167806553,0.3923949940404476,0.27106832451541496,0.1919389871441022,0.058701013466680024,0.07087121641118106,0.04522819263667024,0.04522819263667024,0.027590332272205365,0.0,0.040559158693906645,0.09346134165876399,0.10279604298145627,0.13184486798540182,0.061085454871538124,0.05798863490462958,0.043356321740843105,0.039573129805821144,0.017197558828542722,0.0330772265655147,0.04783405239938608,0.038684778781150675,0.08511517648824986,0.10748917427271423,0.08822915671853286,0.0872511775840584,0.07956533504669477,0.060405925332946496,0.04864413447550317,0.04056219050286587,0.04056219050286587,0.034020592473565196,0.034020592473565196,0.034020592473565196,0.006528113062635745,0.006528113062635745,0.006528113062635745,0.006528113062635745,0.006528113062635745,0.006528113062635745,0.006528113062635745
163,1.0,0.913478592782413,0.8617892535357375,0.7614854127959014,0.6664607478148935,0.6664607478148935,0.5366786370276269,0.37583242056158545,0.2004358595847555,0.16934175606012744,0.11466867404030459,0.09814320922587448,0.0,0.09338461798181585,0.1018381485940046,0.1018381485940046,0.12344232105164409,0.1595000737283418,0.1595000737283418,0.16501508741655313,0.15451112855727114,0.1437973195146544,0.15995485760962544,0.22136611517382915,0.18156097200638538,0.17668900416930106,0.15275072020548333,0.14734792134161898,0.18132785779854674,0.19010080291322282,0.19010080291322282,0.18761810426231626,0.18761810426231626,0.18761810426231626,0.18761810426231626,0.18761810426231626,0.18224702611912993,0.18224702611912993,0.14829363947513277,0.14829363947513277,0.11544762689531642,0.11544762689531642,0.09565749997440864,0.09260768782832442,0.09260768782832442,0.09260768782832442,0.09260768782832442,0.09260768782832442,0.09260768782832442
164,1.0,0.9865406034120522,0.9014660676090186,0.8088045898632784,0.7317253758580536,0.6050433928688351,0.5912087860127976,0.5585656923368602,0.5107261458033577,0.495188974068509,0.4034886542889459,0.3627739706445851,0.15540116191060485,0.1510419880640706,0.13120857361651164,0.13120857361651164,0.14595491307357525,0.16449482475919983,0.16449482475919983,0.16042591269441273,0.1524999733428642,0.1586402540112575,0.1586402540112575,0.17328282648322227,0.15355257453591384,0.166950172057161,0.18065290227771005,0.19298549307713275,0.20201102681802122,0.10524644520838064,0.10432823346131581,0.11723102504920231,0.11430411026115135,0.11430411026115135,0.08075930592977959,0.03611351853663027,0.03167505295341279,0.028267635372820166,0.028267635372820166,0.028267635372820166,0.028267635372820166,0.028267635372820166,0.0,0.0,0.0,0.0,0.0,0.0,0.0
165,1.0,0.9315903756074131,0.8653065323250196,0.6912098708615926,0.5530874319640481,0.41863177678467706,0.3461697380999056,0.23876110600348055,0.27119234744040377,0.18601744900751319,0.11870824090240485,0.1113940914827194,0.03194521947483285,0.0,0.021741452061885925,0.06079920697102119,0.09301990276873719,0.0966149437885987,0.0966149437885987,0.0649367297548226,0.05956664582091864,0.07019445666042609,0.07411557443816862,0.07411557443816862,0.09155635214834786,0.13558006346208332,0.16863438220280774,0.1885531874971394,0.15642890275668828,0.185882214175716,0.185882214175716,0.20264570581587898,0.17434237611250158,0.1676447557356377,0.1676447557356377,0.1676447557356377,0.1676447557356377,0.1676447557356377,0.1676447557356377,0.1676447557356377,0.14536208205679219,0.13701444604878937,0.13701444604878937,0.11996702860123934,0.11996702860123934,0.11996702860123934,0.11996702860123934,0.11996702860123934,0.11996702860123934
166,1.0,0.9333939198537168,0.708424071173655,0.6000208687237311,0.5629708028750319,0.5301172991458114,0.530466427999499,0.4317603788041452,0.4035158277174246,0.35322850496525343,0.26303229450364235,0.2144292794691658,0.10599462399199422,0.09932144071246786,0.0926794253871185,0.03633907202222855,0.03508476403588574,0.03508476403588574,0.03508476403588574,0.05622586587973536,0.05622586587973536,0.05463990799480796,0.05463990799480796,0.05463990799480796,0.07651224438892099,0.07651224438892099,0.022434702659789443,0.01492220870666932,0.047650447735866894,0.047650447735866894,0.07347856885454836,0.0812444116023668,0.0703845578076233,0.04853111273860468,0.04853111273860468,0.04853111273860468,0.04853111273860468,0.04729181126585884,0.04729181126585884,0.03512799675286328,0.010337634149580197,0.006929385622792441,0.0,0.0,0.0,0.0,0.0,0.0,0.0
167,1.0,0.8938448503153071,0.7907865327591265,0.748655151681233,0.748655151681233,0.7872649753472779,0.7030022131676832,0.6774201341573003,0.5484507284943732,0.3437990922776736,0.3437990922776736,0.3460224811908204,0.19384329913441484,0.2019772289425749,0.17413110371735951,0.18544332713863235,0.21038621625399073,0.21038621625399073,0.202127874668218,0.2304434571409224,0.14489856295993944,0.1841211918705621,0.17961036268238817,0.15430636860843083,0.1470879401100666,0.1470879401100666,0.2248422141573079,0.2248422141573079,0.2090706260190128,0.1974814645343326,0.21655463608400527,0.16962722246785925,0.15535734298025522,0.15206756897285076,0.11236315811464306,0.08521781235611484,0.08521781235611484,0.047335422597358255,0.047335422597358255,0.015060291810051018,0.01308464921758193,0.008778030027311106,0.008778030027311106,0.0,0.0,0.0,0.0,0.0,0.0
168,1.0,0.860318584509171,0.8168392212293536,0.720133894975871,0.6854153291580773,0.665130633901864,0.5535364394241455,0.5467068128901403,0.403845089273699,0.33879152535918755,0.28596154038896654,0.29785648100435147,0.11210945097847476,0.11210945097847476,0.12599130753138296,0.10215308652756637,0.11735990939470946,0.11735990939470946,0.14615340214631606,0.14008630351243434,0.14008630351243434,0.14008630351243434,0.15157076098927172,0.16180930761933468,0.18893350287348942,0.18893350287348942,0.16653808712441234,0.1516704783923184,0.1647620033374534,0.13794234530846705,0.11521146477648629,0.1026408881440448,0.1026408881440448,0.10060429518673202,0.09045730374392674,0.06820886068251492,0.06820886068251492,0.05993867696195139,0.044181515939604066,0.005442254524601345,0.005442254524601345,0.005442254524601345,0.005442254524601345,0.0,0.0,0.0,0.0,0.0,0.0
169,1.0,0.8800179367772336,0.7853587279744473,0.7724336879977036,0.6565738504115393,0.5626228482282939,0.5395475461590292,0.49718238934760756,0.4467382718218536,0.4081183259379753,0.2288109038918586,0.17984993336033736,0.03380097058952362,0.03725853136568655,0.019478590755000802,0.032701256195101655,0.006324278470459713,0.0,0.026103426295097664,0.06691368249889965,0.053755403425264414,0.017759165125460354,0.02297759198879917,0.019198374589548567,0.05291994037258087,0.07396992807676524,0.07396992807676524,0.07396992807676524,0.08392743301967062,0.08392743301967062,0.07963306024447853,0.1046055095134194,0.09747738801119159,0.09605469426902755,0.09605469426902755,0.07785182438863668,0.0702550656038166,0.0702550656038166,0.06818528398055172,0.06818528398055172,0.05697350178229109,0.0502504637546968,0.03867072928945735,0.028542837127334547,0.028542837127334547,0.028542837127334547,0.028542837127334547,0.028542837127334547,0.028542837127334547
170,1.0,0.8654475759968494,0.7984795531853348,0.7212930413291999,0.6663915149373332,0.6292800376538263,0.5485698429372521,0.4650718100296537,0.3619240937064521,0.2943616637941982,0.23128464488021713,0.13987794124441352,0.07908206904129836,0.054589978252993575,0.04406502745847942,0.07281142276705732,0.07701078685857597,0.10381034738617234,0.09818192117292121,0.08176529943070189,0.08176529943070189,0.09044339482292459,0.07741038359055115,0.09766349519584869,0.10668024102041597,0.09518105096735577,0.09518105096735577,0.12660197871123213,0.13547566324656907,0.1282452397245015,0.12349064437540563,0.14827383130184035,0.14827383130184035,0.14827383130184035,0.13918492806252306,0.09412997977633437,0.09412997977633437,0.09412997977633437,0.08141509786848149,0.04973385496974421,0.04973385496974421,0.04973385496974421,0.0,0.0,0.0,0.0,0.0,0.0,0.0
171,1.0,0.9309121088252785,0.8160781355405541,0.6736484590653872,0.729453645621883,0.6631627019941277,0.5048942840939508,0.4185315247787,0.3353689072330769,0.3059553867199115,0.23310481642906244,0.17964347142421974,0.14509952582534189,0.14509952582534189,0.14021784768901482,0.1294743872314642,0.1260079478445064,0.11779564218349663,0.11779564218349663,0.11632322744001794,0.11707324318994738,0.13692588072358108,0.13692588072358108,0.1406266551093317,0.13732696432011499,0.13732696432011499,0.126054359150714,0.11377714487032606,0.13617220736376162,0.1452462735002883,0.1452462735002883,0.07278129433381508,0.07278129433381508,0.07150875357482202,0.06258514140125349,0.06258514140125349,0.06258514140125349,0.06258514140125349,0.05785955885569383,0.05785955885569383,0.03018798874810819,0.03018798874810819,0.03018798874810819,0.0,0.0,0.0,0.0,0.0,0.0
172,1.0,1.0,0.8756867220324414,0.8651646876927965,0.8734324961089671,0.7669477620632751,0.6996041750258605,0.6882069024676153,0.6275322343430916,0.44432576693956466,0.20543788714320674,0.04648550751135107,0.04648550751135107,0.04648550751135107,0.0491193958525985,0.08039295837005297,0.07614674913900811,0.0803236454966359,0.09286980175265487,0.11604748529290701,0.11604748529290701,0.13128950525022473,0.12676711996922163,0.11112015301430345,0.13327576949783965,0.15086204870576592,0.136796621688579,0.18496043093237344,0.18496043093237344,0.1743772713629354,0.12977378912558266,0.08959520475743471,0.08959520475743471,0.08959520475743471,0.04153928579964086,0.04153928579964086,0.033722580860138365,0.033722580860138365,0.033722580860138365,0.015865997608889227,0.015865997608889227,0.015865997608889227,0.008433876309669002,0.0,0.0,0.0,0.0,0.0,0.0
173,1.0,0.8863791971202325,0.7903691893727338,0.6412104274279355,0.6523373640872311,0.6093365777270301,0.522499188284058,0.40939071209610345,0.33810339977581055,0.2817131824173758,0.1840728228510826,0.16686991550779118,0.05072938523111921,0.041378536854038146,0.025328052833226873,0.03553989473776098,0.018768888206056638,0.008517063739551658,0.008517063739551658,0.008517063739551658,0.02844229362589528,0.028148900110777586,0.03654956820897937,0.013716567791329376,0.02637767563634964,0.0256674451403573,0.05479467615353994,0.05479467615353994,0.05073860136913674,0.05182268004764487,0.05182268004764487,0.047638766997102434,0.047638766997102434,0.047638766997102434,0.040740703660414386,0.040740703660414386,0.040740703660414386,0.030020039813692924,0.030020039813692924,0.030020039813692924,0.018544327525638348,0.018544327525638348,0.018544327525638348,0.0,0.0,0.0,0.0,0.0,0.0
174,1.0,0.9033454952237504,0.7742611673136626,0.676502667777445,0.536357182904701,0.46795150715542605,0.4353534629402729,0.4174991625354536,0.4086821419053517,0.2608064168496376,0.25170342878945545,0.22404280184341002,0.1855213207685104,0.1889701334023609,0.19082227741564833,0.1498712241443245,0.1498712241443245,0.14351000465029534,0.14351000465029534,0.19336852451154932,0.19336852451154932,0.1861082028386405,0.15825074970108297,0.15825074970108297,0.15143234375539077,0.1384032934778386,0.13724588349461253,0.11258272231863381,0.1293850620724079,0.11647078285000437,0.12322998351989789,0.12322998351989789,0.12322998351989789,0.11565460278696231,0.11121684419246619,0.11121684419246619,0.09035140824875129,0.08380113532009,0.08380113532009,0.08380113532009,0.07858246467443214,0.0699757639382965,0.02053474049930945,0.0,0.0,0.0,0.0,0.0,0.0
175,1.0,0.9316960940375991,0.9042320040383593,0.77770854142407,0.6781399881036524,0.43907631723216217,0.3774572146041327,0.38857750643519345,0.3582017801468253,0.24099394865891122,0.23812726650746482,0.1258566320684111,0.023400773124038286,0.03311421876158273,0.04107211660506035,0.056926227786860975,0.02233518934199033,0.02233518934199033,0.0,0.035495331783927754,0.04241005584192858,0.06850909214406263,0.08126024410358237,0.10952797320126792,0.10952797320126792,0.10507465485530663,0.11820781576938101,0.13544185970152708,0.13544185970152708,0.16620203975594883,0.18609070745029918,0.1537563649929787,0.15198341228600545,0.1412630740478369,0.1412630740478369,0.1346006591046924,0.11657472140389975,0.11657472140389975,0.09400143968169594,0.09400143968169594,0.07833008832219641,0.07833008832219641,0.07218850963560021,0.06628796531007772,0.06628796531007772,0.06628796531007772,0.06628796531007772,0.06628796531007772,0.06628796531007772
176,1.0,0.876303863714813,0.924314276324195,0.8240975831895667,0.7038903267902367,0.563255900856221,0.5294984969386926,0.5402609321031921,0.43103099643801146,0.38357781400721186,0.34824099476507314,0.30288744835914155,0.15010697105799134,0.1270733288067911,0.1270733288067911,0.12070050186597531,0.15422789888956775,0.15422789888956775,0.17008026944339166,0.16556894939703512,0.15650492386611942,0.14495362909330697,0.11937238019384665,0.09887581903432421,0.12808058813164838,0.12808058813164838,0.09326068350571248,0.104892602407411,0.09218332591436168,0.09218332591436168,0.09218332591436168,0.08848671690094888,0.08709047083854689,0.08709047083854689,0.08709047083854689,0.08709047083854689,0.05448581784123804,0.051181663767919425,0.051181663767919425,0.020246311636315784,0.0,0.0,0.0,0.0,0.0,0.0,0.0,0.0,0.0
177,1.0,0.9417780255590427,0.8420588130923041,0.7990537736821057,0.782599982070756,0.7050655451243224,0.5240913171371347,0.47554589696588934,0.3358963917930527,0.21763837875316405,0.1401039418111115,0.024566651737517833,0.05648445596271229,0.06436882184867604,0.0683204121329946,0.06713136946360652,0.056312616033623995,0.07285523451434116,0.08251957455306773,0.09287135870255772,0.1364483774165526,0.1364483774165526,0.17530466944037895,0.1469495914318193,0.09939471502820181,0.0697317648364677,0.03918154243339269,0.04749605750206223,0.08408708102854298,0.10565362803697229,0.10565362803697229,0.10565362803697229,0.10565362803697229,0.09794572899202934,0.09794572899202934,0.08833387323329374,0.08288973649389787,0.05348430534947551,0.04208296861270931,0.04208296861270931,0.011028328351062934,0.011028328351062934,0.011028328351062934,0.0,0.0,0.0,0.0,0.0,0.0
178,1.0,0.9911236877067394,0.9518213318667565,0.8405872853415898,0.7145199083267505,0.6040981441446834,0.4421111645839862,0.3938447779796244,0.3289848966599832,0.20675721841910305,0.1906843450246003,0.06305901020754022,0.0099842411283208,0.0099842411283208,0.031297039280865434,0.031297039280865434,0.027097390894184198,0.03936652441344562,0.03936652441344562,0.059898068008376486,0.041598436252605835,0.026828585118905856,0.04280499998336137,0.06347010675739213,0.06347010675739213,0.03737983198025634,0.036160188686999176,0.03034578122534545,0.021669445156218662,0.013083228272126712,0.042112642773365246,0.02874847107472471,0.02435139552753755,0.02435139552753755,0.021689403202866185,0.017987941088098564,0.017987941088098564,0.017987941088098564,0.017987941088098564,0.017987941088098564,0.017987941088098564,0.011191926288506128,0.0020285963339993483,0.0,0.0,0.0,0.0,0.0,0.0
179,1.0,0.9006030663204513,0.8123060260298881,0.7422342047910586,0.7165849079900352,0.46661835960427905,0.38315445713171425,0.35221552060115974,0.2736703114444666,0.2480608919690207,0.24407986064235884,0.1220551574489504,0.0,0.0728389404249067,0.08940666810105345,0.10732991239311825,0.1402731274875338,0.10646231103027365,0.10646231103027365,0.0992049724369871,0.10901693678861965,0.12536856571960053,0.12536856571960053,0.11902261762202927,0.13475619015545173,0.13475619015545173,0.1322375692816447,0.15344030997338395,0.15344030997338395,0.15344030997338395,0.1976857570194053,0.1976857570194053,0.1367852310658891,0.1367852310658891,0.129496947896468,0.10235122015389181,0.09773031263876451,0.08621012650836929,0.07542436081473167,0.07542436081473167,0.03413032186340826,0.03413032186340826,0.03413032186340826,0.03148535156498329,0.03148535156498329,0.03148535156498329,0.03148535156498329,0.03148535156498329,0.03148535156498329
180,1.0,0.9009087400695326,0.8625769920296134,0.7092499998352785,0.5559230076452754,0.4707852802060666,0.4530113833624586,0.40056218190369824,0.3376981151013354,0.16684541776411171,0.11356062227336336,0.036897126193524775,0.042987620748939595,0.011610145580591813,0.04418923374091094,0.06724115127862165,0.06724115127862165,0.0,0.0,0.024191121043096946,0.024191121043096946,0.03495275969921312,0.03495275969921312,0.04130238713697015,0.053302299440226825,0.03459564389669001,0.02841015643009728,0.023965909464787365,0.036357341895328396,0.06909091912568985,0.09301415772505371,0.12383963736045257,0.12103245376561328,0.12103245376561328,0.12103245376561328,0.09797859820751896,0.09797859820751896,0.09797859820751896,0.07600991774517464,0.07600991774517464,0.05555949938505205,0.036259021357906235,0.027008559689432898,0.027008559689432898,0.027008559689432898,0.027008559689432898,0.027008559689432898,0.027008559689432898,0.027008559689432898
181,1.0,0.884851862077665,0.7672267861704204,0.7885633754412765,0.7534154996965676,0.6910346157272921,0.6520117121895102,0.5497942707368904,0.46626910657345527,0.4895754776389889,0.3442051314393048,0.22658005554757,0.014344075124510544,0.026313444073185827,0.026313444073185827,0.05607028205489586,0.05717281472620908,0.06962718645630257,0.08548176048551319,0.08548176048551319,0.10323453999727024,0.11973989726197908,0.11973989726197908,0.12206849457098433,0.12206849457098433,0.1457889345602795,0.1457889345602795,0.14372028891845676,0.11297001241929083,0.12054491843097132,0.1071213954654585,0.09768735018945246,0.09082564970967046,0.09082564970967046,0.08926032467822403,0.08749198663578005,0.0826629038573613,0.04297874045455335,0.03919242392161877,0.03106275929893016,0.017738915650340845,0.0,0.0,0.0,0.0,0.0,0.0,0.0,0.0
182,0.979129194869071,1.0,0.9533051435774373,0.8412002449204988,0.7576837004905959,0.6904598769994077,0.5970238261271212,0.46478690406739515,0.3615390028189023,0.31412986196493276,0.2630181041841662,0.16557996282004184,0.11796173099072112,0.06439578392570502,0.056829580235724916,0.056829580235724916,0.031806759688905874,0.060033921159750925,0.07227800113637466,0.05793605630127987,0.04476313247096757,0.03502817663525973,0.027322255030574366,0.027322255030574366,0.027322255030574366,0.027322255030574366,0.10570469532918977,0.13954088742093038,0.13954088742093038,0.13391774839266432,0.11786796044706857,0.11786796044706857,0.11786796044706857,0.08717145560841051,0.08717145560841051,0.05948281025387414,0.03252547536715645,0.022032861344118308,0.022032861344118308,0.022032861344118308,0.011155226125627646,0.0,0.0,0.0,0.0,0.0,0.0,0.0,0.0
183,1.0,0.9743148761193972,0.9134157195898256,0.8920712367954672,0.7221736620603242,0.5432451142905323,0.5466491753646678,0.45260701089052396,0.42279651861546674,0.4183924205578756,0.38699947891118286,0.3108635298061833,0.23993249615301074,0.2521364444654869,0.27246071607390254,0.2648251222178173,0.2626007851249861,0.2626007851249861,0.2560299073320349,0.2818861332201323,0.3098812767266568,0.32491485778694235,0.3143659153534946,0.31251074293089315,0.31251074293089315,0.288080968852811,0.28443149994561284,0.28471621947150205,0.28532113032788786,0.22446369672691635,0.24136918473212982,0.26241626653718864,0.25182086366159717,0.24543968867620025,0.21595911532264414,0.18408161431827288,0.18156693899332293,0.12413540550997289,0.12413540550997289,0.06494657584329495,0.027988545220018052,0.021414864166497523,0.021414864166497523,0.0,0.0,0.0,0.0,0.0,0.0
184,1.0,0.9692931173907159,0.8016331521708453,0.7157929240023172,0.6806274082931982,0.6102963771134204,0.5916429787931963,0.4869497818777854,0.37743206196893003,0.3095887738503307,0.21694855607784366,0.176540630806038,0.13829331748403223,0.14414439416122182,0.14620678497502845,0.16194627142148077,0.17869893080273386,0.1332953578928423,0.16384848629991747,0.1584168648248897,0.18311503143204658,0.18311503143204658,0.18311503143204658,0.1796053598551829,0.1806366418926889,0.1720632794748039,0.19896816113316823,0.22492417240268467,0.21593552401678373,0.20609162827063066,0.1861811911603157,0.1703845800212019,0.1607561242021204,0.1607561242021204,0.1607561242021204,0.1607561242021204,0.1607561242021204,0.1607561242021204,0.07732683491976264,0.06569949909469142,0.01622232306395209,0.0,0.0,0.0,0.0,0.0,0.0,0.0,0.0
185,1.0,0.8755311955016737,0.8732473072607265,0.7193039624039343,0.6971188930477948,0.6069500105298785,0.5724311604672812,0.4804782850822082,0.40690428135837453,0.3648146656516209,0.20887703682670036,0.12679465862995246,0.0900076567566022,0.053220654908197364,0.04680178676179065,0.08755377974664467,0.08755377974664467,0.08747232968799247,0.08958547427185802,0.08958547427185802,0.08921117670331918,0.08579063080557586,0.09860331242157942,0.009113272050049498,0.009113272050049498,0.005649424688083117,0.05779757520278058,0.059821282387440486,0.0800337527661369,0.07282588137111186,0.08026402373768735,0.08026402373768735,0.08026402373768735,0.06871654055521713,0.06871654055521713,0.06871654055521713,0.06871654055521713,0.06655947534786527,0.05206481300823974,0.05206481300823974,0.05206481300823974,0.03176229261096925,0.027456005538557312,0.0,0.0,0.0,0.0,0.0,0.0
186,1.0,0.8894259222571598,0.7555605419665447,0.6172223484993039,0.5024337972659323,0.47194389910320117,0.4200222357506538,0.34167333881992884,0.2818974545993485,0.15362042060250097,0.13601950940727214,0.0594938086167366,0.0,0.01925599375755258,0.006184149104998305,0.029572627297783847,0.1009223094927936,0.1009223094927936,0.11141154096355982,0.09992183117098155,0.10939733001311132,0.12269559678301917,0.12269559678301917,0.11209158840883666,0.13044071519224426,0.16837851530748132,0.1622041456619967,0.148982254344802,0.16059640410071307,0.1767163205164082,0.1583411973305254,0.1307314263329832,0.1307314263329832,0.12248068592496394,0.12248068592496394,0.10246004052801361,0.10246004052801361,0.10246004052801361,0.0935745195031482,0.0935745195031482,0.0935745195031482,0.07611600307030936,0.06815699742973115,0.05173680751547932,0.05173680751547932,0.05173680751547932,0.05173680751547932,0.05173680751547932,0.05173680751547932
187,1.0,0.9338682358682563,0.85618451296795,0.7396589286438298,0.6352586697418222,0.5837096343994798,0.5428896636854424,0.5359530716533385,0.41933480671074186,0.35260700582733284,0.2891236647533224,0.13375621899660806,0.07485281766900875,0.09330040038604442,0.10216534708158417,0.12743874052105364,0.14811116912355962,0.15108996854901088,0.1685523078581289,0.16389929822887137,0.1730634638199646,0.19305640324310733,0.17692968095661227,0.18148883707506824,0.17143251312737212,0.1777008169187687,0.23648663138112877,0.23648663138112877,0.23648663138112877,0.19832466291982107,0.19832466291982107,0.19058227742880626,0.18856585443147922,0.16810562509467145,0.16810562509467145,0.16810562509467145,0.14303099889726567,0.14303099889726567,0.08702070997277203,0.0664133844141231,0.0664133844141231,0.0664133844141231,0.005539953721699794,0.0,0.0,0.0,0.0,0.0,0.0
188,1.0,0.9940386280481566,0.9893972679204979,0.9905554594184239,0.9116687771022,0.8835048401487734,0.7214366229042107,0.6178717267328367,0.4797851987111211,0.42791459172507906,0.3589244941775087,0.28988123013348743,0.26493249094737736,0.26313025799504897,0.25445124742625186,0.24587497867324465,0.26158588678146255,0.21268172510324548,0.22280392606697255,0.2398067715969287,0.22434185031304452,0.21975858519879785,0.21975858519879785,0.056591350030390355,0.0,0.02449005850903721,0.03385230417385041,0.036563486966734046,0.05477307555468606,0.06330525112780647,0.06197461857712903,0.055093388561382205,0.05259715610181026,0.04476558577456428,0.040896360211459086,0.040896360211459086,0.016936357222096934,0.012898051454389606,0.01164357898410928,0.009799899198615807,0.007768735068120621,0.007768735068120621,0.001850589699785093,0.001850589699785093,0.001850589699785093,0.001850589699785093,0.001850589699785093,0.001850589699785093,0.001850589699785093
189,1.0,0.8692892778967483,0.7984044034160674,0.7103725899216855,0.6661140429264019,0.6337926272285683,0.6011149466898293,0.48574725812574154,0.431331007455469,0.42936516608150366,0.3147554949188598,0.298984073828056,0.19877705013144897,0.19877705013144897,0.21310258793942052,0.14379839107302467,0.13473289854070133,0.12955497312040987,0.15852420339531426,0.13846505753548766,0.13846505753548766,0.16487085466752913,0.19781312513879573,0.049450568543445726,0.07526447551672025,0.08962685008436762,0.09712099130549569,0.08495264677547114,0.07722808182880223,0.09591339956666944,0.05455155558365389,0.05455155558365389,0.049531475840287206,0.049531475840287206,0.049531475840287206,0.049531475840287206,0.04550674157851592,0.041684139398077795,0.041684139398077795,0.03310843764261325,0.021055305285584896,0.01369959142286901,0.0,0.0,0.0,0.0,0.0,0.0,0.0
190,1.0,0.9071370165899875,0.8428576225831843,0.8713142010605605,0.8165240255965125,0.7727921473781771,0.7075946243891956,0.6319528159537692,0.557494333989814,0.5020301727336131,0.4217972468998053,0.15865777292000427,0.1052440911737718,0.0955978505642431,0.0955978505642431,0.0955978505642431,0.08125775347273155,0.06629189183201967,0.04622055087578355,0.04622055087578355,0.0798009488754931,0.10147091816888855,0.11582534545874852,0.10107386941711545,0.12481404989670694,0.12481404989670694,0.12481404989670694,0.1336941137850624,0.16543465970350404,0.19740710354340113,0.15397939618219916,0.10008958807514404,0.05712841064315896,0.05440338208953296,0.05440338208953296,0.05440338208953296,0.01848315550226152,0.01848315550226152,0.01848315550226152,0.01848315550226152,0.01848315550226152,0.01848315550226152,0.01848315550226152,0.0,0.0,0.0,0.0,0.0,0.0
191,1.0,0.8696389484571596,0.7369898424020319,0.6754728098989425,0.5605098193514053,0.44681628450798444,0.46216613136650586,0.37575265129363605,0.20621324734397461,0.15454244165071723,0.11320536204799733,0.10028617467470123,0.01665411025418206,0.028800125440881234,0.0,0.0,0.04436290270215433,0.04436290270215433,0.05807166261006819,0.07002853391407861,0.0781247577702822,0.01669176869010414,0.032829437846208474,0.05497822281111162,0.04763758942954932,0.035115606408672846,0.03388258978773804,0.016855201917993393,0.0542208879955878,0.08758407138397507,0.10864640595192455,0.0983026719186794,0.07637437735084635,0.07637437735084635,0.07637437735084635,0.07465440462361547,0.07465440462361547,0.06767840022583986,0.06767840022583986,0.057556219416371054,0.057556219416371054,0.04169756239109481,0.04169756239109481,0.04169756239109481,0.04169756239109481,0.04169756239109481,0.04169756239109481,0.04169756239109481,0.04169756239109481
192,1.0,0.9406823366235161,0.8317895079278208,0.7900698403858193,0.8165426691282882,0.7097879181848525,0.6556995793490862,0.5785968863614199,0.4796215444610233,0.370653158444726,0.27500512262315374,0.21062952158676623,0.1038747706304609,0.07562153360524683,0.10001278610717884,0.054980657616881735,0.054980657616881735,0.060211444239818356,0.05151747720040151,0.09159333431837995,0.08432989205554109,0.07624229436348265,0.058634444309200826,0.058634444309200826,0.043766792038758655,0.037185628236639755,0.037185628236639755,0.06323129883724543,0.06438163714014505,0.04651754384989712,0.043961907092911034,0.07432350118086826,0.07432350118086826,0.07432350118086826,0.07432350118086826,0.06050185664973921,0.06050185664973921,0.051180511314411765,0.051180511314411765,0.04582298662125059,0.034366185802425744,0.034366185802425744,0.023648729547530355,0.0,0.0,0.0,0.0,0.0,0.0
193,1.0,0.8606800333850086,0.7487332358507602,0.7119287002407376,0.7270101475904651,0.6511345990892319,0.6152676061124626,0.4064279348920991,0.42481186301776386,0.3501806646630037,0.22782960662939547,0.1219793547414451,0.08928585387682292,0.04958744890893879,0.04958744890893879,0.02849166257556813,0.10918286079990373,0.11338356989966665,0.11338356989966665,0.11338356989966665,0.0849483743102473,0.07562444096115147,0.07168771332421157,0.027410142587996806,0.054153170739553134,0.0416284754578404,0.0453258196885777,0.0486769496611225,0.05443024643657987,0.05021945993090684,0.08059353153127,0.07338768182777491,0.06098244256973324,0.0514541989168131,0.017952496443160763,0.017952496443160763,0.017952496443160763,0.017952496443160763,0.008347581474434021,0.0,0.0,0.0,0.0,0.0,0.0,0.0,0.0,0.0,0.0
194,1.0,0.8181184644137602,0.7222859214535821,0.7017641211765469,0.6465971395940477,0.45914105188745874,0.3243825327055106,0.28116634518111777,0.2944931641162534,0.2631904071041568,0.21827090069240598,0.1703270817818075,0.09922632091801893,0.118485172707983,0.16567154679124776,0.1585118063279155,0.17113984932269916,0.17113984932269916,0.19751139804466833,0.19163784397726175,0.22250791629387134,0.20833133559937242,0.19863629907397376,0.1464742578407599,0.15308814438891422,0.16998271060803763,0.15343565224248662,0.15434637659409928,0.19612141629586347,0.17204491578141118,0.19174033724709794,0.19174033724709794,0.12320712335303209,0.12320712335303209,0.0748251818001119,0.055262989993806626,0.055262989993806626,0.027798774074662747,0.027798774074662747,0.021357100066679374,0.021357100066679374,0.0,0.0,0.0,0.0,0.0,0.0,0.0,0.0
195,1.0,0.8547200462236878,0.8547200462236878,0.7566965181238308,0.7187230425148325,0.61798951768328,0.5702494164460721,0.5157991020305489,0.41925528045883725,0.3300783858133773,0.22496145250451682,0.15599402751175773,0.10565394357944244,0.10565394357944244,0.14782101390284186,0.12887857344712286,0.15494184844111508,0.16479847465053815,0.16091638245223905,0.1691810363867888,0.16130458191537872,0.1799061629760207,0.16070240971647354,0.13523555152535188,0.1275408328105421,0.09021606308622447,0.05288239257364948,0.038114666543852094,0.038114666543852094,0.027826674577542034,0.008533962131589003,0.03818992122552198,0.029766039605799998,0.029766039605799998,0.029766039605799998,0.02881254654969485,0.02424698374390958,0.02424698374390958,0.02424698374390958,0.018258437935948897,0.018258437935948897,0.018258437935948897,0.018258437935948897,0.0,0.0,0.0,0.0,0.0,0.0
196,1.0,0.9814158523720606,0.9098735824256603,0.7572129779531499,0.7572129779531499,0.7116336265988239,0.546355534592233,0.5417055405704359,0.49036165726077685,0.4521965061582851,0.3094573837012571,0.23312708149843037,0.1377445269665663,0.13110690328137087,0.11615295957466162,0.16511706623778996,0.20590366539477542,0.17458268864888418,0.17437193034818027,0.16921784256834105,0.18331477070500124,0.18037813334915417,0.14388612999802428,0.16120698705667735,0.16120698705667735,0.1548639519646822,0.1548639519646822,0.14301780548985682,0.14301780548985682,0.14314803249872535,0.13069809639773997,0.09243757869072797,0.08924656413644522,0.08924656413644522,0.08515341972571608,0.07961770280668606,0.05468394775632932,0.05468394775632932,0.04415142792337632,0.036238067365214253,0.019762891062706758,0.0023489527177727207,0.0023489527177727207,0.0,0.0,0.0,0.0,0.0,0.0
197,1.0,0.8827995958767528,0.7685869635158243,0.76471676616334,0.6840282742004673,0.6828104493817818,0.6021219574417074,0.5266073311196092,0.4168155186547624,0.4034659416150212,0.29347923264987236,0.22028841959026613,0.08108318806454914,0.105255398231828,0.105255398231828,0.16107429285848876,0.18180687706872475,0.21733338040578298,0.11764053995507745,0.13398127319482356,0.13152834321150267,0.12650420328565623,0.12379766833294081,0.09729303488049715,0.10512464550106522,0.12659579171361868,0.12659579171361868,0.09733975816624624,0.07933876494983076,0.07933876494983076,0.0833934109725697,0.08215305088859062,0.08215305088859062,0.08215305088859062,0.0717070515314941,0.0717070515314941,0.0717070515314941,0.056225204963041876,0.04509131557605042,0.032481144848990874,0.021373426851572532,0.014317954493458724,0.0,0.0,0.0,0.0,0.0,0.0,0.0
198,1.0,0.8327848491385843,0.7354585501308001,0.700327216152175,0.5867741240498626,0.5211433289089069,0.41900832761617196,0.3625337603169645,0.2802230795108023,0.23330755864308275,0.17331931828471814,0.1390200814607487,0.07042160782056309,0.07042160782056309,0.08058669406798646,0.04038052152453395,0.07178955254334447,0.0637444189015592,0.06076662647280612,0.06076662647280612,0.06076662647280612,0.06994298836822059,0.04462941514188197,0.057946602235888794,0.0884175851143776,0.1216036810658699,0.08585226730141064,0.08585226730141064,0.08585226730141064,0.09425179841592038,0.0946020608855437,0.09099574125773326,0.08572655136619976,0.07823203812701904,0.07823203812701904,0.07172312309550123,0.07172312309550123,0.07172312309550123,0.07047673218531522,0.0645118980822786,0.055360031633048486,0.035496885621472504,0.0290073520693237,0.0,0.0,0.0,0.0,0.0,0.0
199,1.0,0.7844493239211374,0.7789590746061771,0.7014767180847519,0.6487404182415865,0.6235850707460706,0.5017152965704417,0.4016260383708039,0.2587156474727803,0.1831293720159982,0.1574115454493287,0.13014080310382906,0.015523180769289406,0.0,0.020263437546198998,0.03175536953777036,0.04767525134307984,0.06670233499631066,0.06670233499631066,0.048466037631459964,0.048466037631459964,0.048466037631459964,0.060424725823388564,0.07755120734425373,0.09414406001154875,0.08734409291108867,0.08734409291108867,0.07137178282174132,0.11255201641160052,0.12527611296361368,0.1524045587811723,0.1428201408566638,0.1288582079676228,0.1288582079676228,0.11907274580763491,0.11907274580763491,0.08412946684007107,0.08078742169544235,0.07647146640956723,0.07647146640956723,0.06423451846101953,0.046265669538425154,0.046265669538425154,0.02398219740057755,0.02398219740057755,0.02398219740057755,0.02398219740057755,0.02398219740057755,0.02398219740057755
200,1.0,0.8830966978250044,0.8498481644491698,0.8731373517156299,0.7247515339007918,0.6881665664498928,0.6147470012675385,0.48529804560481016,0.3862616489154549,0.2742706620424514,0.2087183436488219,0.10078101011517307,0.006812686146107692,0.004261985737600789,0.0,0.015394097694581926,0.09402259459973251,0.11794149986145937,0.11794149986145937,0.12114263575657817,0.13623805817609022,0.15984651887564916,0.17922194743444775,0.1753998740155569,0.19988082908825483,0.1907834836239959,0.20867397438801596,0.22201207236367845,0.23539644423405484,0.23539644423405484,0.2217499607737661,0.2217499607737661,0.2217499607737661,0.2155816611543147,0.18509310042658111,0.1453648145706197,0.1453648145706197,0.1453648145706197,0.1453648145706197,0.1453648145706197,0.1175874045605883,0.1175874045605883,0.04361213315783306,0.03281365113979028,0.03281365113979028,0.03281365113979028,0.03281365113979028,0.03281365113979028,0.03281365113979028
201,1.0,0.9835405163708837,0.8344119781482201,0.8244045483742631,0.8306752429058496,0.7670035336401471,0.6914143117431649,0.6229882679301404,0.46272858567459485,0.34816334812356753,0.27257412621590654,0.2496753221385144,0.21188071120070198,0.20685780292513328,0.19824614499558416,0.13227068192351257,0.1217233537178679,0.1217233537178679,0.13046236277010312,0.14413755387120006,0.13702195991454966,0.13702195991454966,0.1344864698323622,0.1386008129597913,0.12452927629341982,0.11897747796771072,0.13955101905035958,0.14854733517902477,0.1766220332198146,0.15381410605009674,0.13882874946245644,0.0948105206887388,0.0948105206887388,0.0948105206887388,0.06733086656159354,0.046596423674588716,0.046596423674588716,0.029063061413038067,0.017919424117551777,0.017919424117551777,0.017919424117551777,0.006735954066257128,0.0023261470612580587,0.0,0.0,0.0,0.0,0.0,0.0
202,1.0,0.9450428101455627,0.8234283436908275,0.7249008166628876,0.6718214320660008,0.5858947395326637,0.49184471005895064,0.44416881954853277,0.37996237798623106,0.3297710615076067,0.18047021023653642,0.14956329595501022,0.11865638169094947,0.08774946740942327,0.07911580785904741,0.06850609193214767,0.06286023345200442,0.07321310127188249,0.05728235276428945,0.06991586061062773,0.06627458894277288,0.0525829892376244,0.039868104888432544,0.039868104888432544,0.0558959108625273,0.06878223742889016,0.06500878438452458,0.0725082317396304,0.0725082317396304,0.09089589682924692,0.0667272627750041,0.0667272627750041,0.0667272627750041,0.0667272627750041,0.04074273794666806,0.028872817480827567,0.028872817480827567,0.028872817480827567,0.028872817480827567,0.028872817480827567,0.015530885200788876,0.015530885200788876,0.0,0.0,0.0,0.0,0.0,0.0,0.0
203,1.0,0.7504610980765501,0.7238637229650118,0.6208034138672717,0.6229248509070456,0.59885291087904,0.49179586366183975,0.33604216416385674,0.23638335219125214,0.19192526236957339,0.16756414360586225,0.04189103589554743,0.0,0.0,0.013484452970469418,0.01918994292772822,0.06853246407229485,0.10145131783380046,0.10298530031942384,0.19372517803191103,0.21036655467755197,0.20778050172140317,0.20778050172140317,0.24088772946839793,0.22312976799868203,0.19206909236850359,0.20188731727044593,0.18648744802450323,0.15730337666456537,0.15757863269533548,0.13294375960891228,0.13294375960891228,0.13294375960891228,0.12461476701163555,0.08970432480437686,0.08970432480437686,0.06257445450140985,0.054057591710572554,0.035744526388823715,0.035744526388823715,0.03005037796155818,0.019748679741676968,0.019748679741676968,0.019748679741676968,0.019748679741676968,0.019748679741676968,0.019748679741676968,0.019748679741676968,0.019748679741676968
204,1.0,0.8348444525293578,0.7983591208898333,0.8098724915722999,0.7332793850007243,0.6038359017835367,0.44499473943286594,0.3628447478674907,0.28652838821683485,0.2132218908814833,0.17601940232021726,0.09306852146943517,0.05586603290816883,0.06622440492162678,0.06622440492162678,0.10399274184810689,0.09684331749777875,0.09684331749777875,0.0,0.05098020049454015,0.06734337589223907,0.05895984421939085,0.07949192881055049,0.09496446236028984,0.11135279847823898,0.16092105306801238,0.15121041982543532,0.16729181810529167,0.16729181810529167,0.16729181810529167,0.17023596502033506,0.1672914493871664,0.15685826091535715,0.1068204191010433,0.07176097284046683,0.07176097284046683,0.06589086309134869,0.06469638317489011,0.05673675461519665,0.05673675461519665,0.05673675461519665,0.05673675461519665,0.052736992207558876,0.052736992207558876,0.052736992207558876,0.052736992207558876,0.052736992207558876,0.052736992207558876,0.052736992207558876
205,1.0,0.9720025958805424,0.8204836730279611,0.7514406345805609,0.5688603325465412,0.5111732767047727,0.43541381529079015,0.29194290461415795,0.2212851846376052,0.20548114669303866,0.20133685380316763,0.11581712038838321,0.014169590182169676,0.014169590182169676,0.042863490396039,0.028560545565865614,0.046583107106614785,0.046583107106614785,0.05027347648336202,0.07979114309154747,0.08946599908662195,0.09625295045992177,0.11914388665172572,0.08702442132432928,0.07834387907366963,0.07834387907366963,0.07834387907366963,0.07834387907366963,0.08111471127205558,0.13733518214570103,0.1618730870794431,0.1390176174218203,0.11022467252120428,0.11022467252120428,0.06073286398196235,0.06073286398196235,0.05255274046050356,0.05255274046050356,0.05255274046050356,0.03441351795766844,0.02735854534498129,0.009645934886438029,0.0,0.0,0.0,0.0,0.0,0.0,0.0
206,1.0,0.9456215957250927,0.9156874970354935,0.9348866484078686,0.9005508552630994,0.8769834524865007,0.7958847924988951,0.7753702440514345,0.6643162270460992,0.41261455270926306,0.24802940102425544,0.17399338971107262,0.15157562219151474,0.11455761653701528,0.1288873296846367,0.1441962618867163,0.1363373935828846,0.1414874299702115,0.1574411294222371,0.14687744574350825,0.13642296667028578,0.1385886290256027,0.1287996068608447,0.15638558913228995,0.15638558913228995,0.11463056991589059,0.09680323472087861,0.09680323472087861,0.09680323472087861,0.10904790863963375,0.10904790863963375,0.08986994849509365,0.0775636415571124,0.07194821935941091,0.0646852810387048,0.04856414826069152,0.04856414826069152,0.04856414826069152,0.04856414826069152,0.028480540816736646,0.02630249647499056,0.02630249647499056,0.01860242936646288,0.0,0.0,0.0,0.0,0.0,0.0
207,1.0,0.9320576386928254,0.8433303152866549,0.7989961228105324,0.725029141173156,0.6381333099312545,0.46321612754362435,0.4766530517107449,0.37185508652699395,0.30244918717844316,0.22873249095092935,0.22873249095092935,0.1815204237044222,0.15287233071143466,0.14420689395729017,0.1824597942089763,0.13741273224665013,0.1548761076140976,0.1667632467643475,0.20104215535453507,0.20104215535453507,0.1925164720068111,0.18835346781793363,0.22543126296509552,0.23865366846499755,0.22623344334271658,0.17394232095585385,0.17394232095585385,0.06091283661532151,0.08150643916563159,0.06774690936590573,0.06774690936590573,0.06774690936590573,0.0311375825051373,0.0311375825051373,0.016045575758972856,0.016045575758972856,0.016045575758972856,0.016045575758972856,0.016045575758972856,0.016045575758972856,0.0,0.0,0.0,0.0,0.0,0.0,0.0,0.0
208,1.0,0.831528227276835,0.6528269422326359,0.5618532701268236,0.43131770623524945,0.3133975231144328,0.21664564384048074,0.12478929391261036,0.02790035146597447,0.036458580850098427,0.036458580850098427,0.0,0.01766295718070317,0.04471610591439701,0.05712559690993278,0.05978224236820996,0.10050711043845482,0.09797926072880848,0.11043225613921999,0.11500000811665978,0.10770470317668716,0.13594144352632487,0.10719042163131327,0.10156225814872485,0.11197329215324023,0.125079084604724,0.125079084604724,0.14931149609538077,0.14718616375710222,0.17125840774561785,0.1663723317308608,0.18601344909239997,0.17989002913732155,0.17989002913732155,0.17989002913732155,0.17989002913732155,0.16166594795769168,0.15886275739166383,0.15886275739166383,0.14779111204117004,0.14779111204117004,0.11717951353329631,0.10793664669574307,0.10075117195978112,0.10075117195978112,0.10075117195978112,0.10075117195978112,0.10075117195978112,0.10075117195978112
209,1.0,0.9404498141818776,0.8967895264670908,0.8907543339277181,0.8307760706179574,0.8340566525951818,0.7990099251738321,0.6856292696648681,0.6431521104528698,0.6239032976757315,0.5666667694980426,0.4782439725257715,0.37293047926209566,0.3668148899989048,0.3668148899989048,0.3668148899989048,0.3668148899989048,0.36071142639138654,0.36071142639138654,0.3567963471857148,0.3352729568870706,0.3214013399086384,0.3231105426910851,0.19347663597564208,0.19347663597564208,0.20266134838744584,0.20266134838744584,0.17802404605445804,0.07005251440954564,0.08703466986718957,0.09557906655419122,0.08615481606600735,0.07841854230620249,0.07841854230620249,0.04207689902060058,0.028902036042786412,0.028902036042786412,0.028902036042786412,0.028902036042786412,0.024798038855547995,0.01810139470856578,0.01810139470856578,0.0,0.0,0.0,0.0,0.0,0.0,0.0
210,0.9681937581025403,1.0,0.940873476535706,0.8719787173088519,0.817237021390191,0.7579962649689371,0.6903715656008446,0.5525820471296172,0.5556444336482159,0.403250657595368,0.32737758053237287,0.2408320520013606,0.10103621414076097,0.13557157011103765,0.1299413336777521,0.12142716842668731,0.09022940854063112,0.07266923886773241,0.04994236188633985,0.06388018139147404,0.02984477816644458,0.028741839147078275,0.03237636800319695,0.03237636800319695,0.059309914262786756,0.07798129375869431,0.08419977078598283,0.09709311140752935,0.10754912870328329,0.1285096529954792,0.1363665860752478,0.15936190487746457,0.0950704976484668,0.07467915601115854,0.07467915601115854,0.07467915601115854,0.05233469582129063,0.05233469582129063,0.05233469582129063,0.022534779524762724,0.022534779524762724,0.022534779524762724,0.022534779524762724,0.0,0.0,0.0,0.0,0.0,0.0
211,0.9859697531536924,1.0,0.9374307270334736,0.9019365743864669,0.8932279119963816,0.7630099655967888,0.6462208187654401,0.5216910690520042,0.39327507133756234,0.32058478225490095,0.2790748656853189,0.20932997144254567,0.11293753043326463,0.0714276138636826,0.0714276138636826,0.08860988194030296,0.07185420514739571,0.02575755061264504,0.0,0.07545850288844715,0.07545850288844715,0.0676951700574956,0.03891232082941392,0.036450631317818075,0.036450631317818075,0.07835184165661888,0.07328385849555037,0.16682590359804417,0.16682590359804417,0.1603160735143754,0.1551449886672584,0.18111378732671002,0.18111378732671002,0.18111378732671002,0.17203752860306742,0.17203752860306742,0.17203752860306742,0.17089096908982476,0.16380847855705583,0.15921072692470128,0.15921072692470128,0.15921072692470128,0.09472821201000743,0.07188016296590406,0.07188016296590406,0.07188016296590406,0.07188016296590406,0.07188016296590406,0.07188016296590406
212,1.0,1.0,0.8788616135393478,0.9128774403987812,0.8399394367236694,0.8047103287816169,0.6825993593189118,0.4994001720353026,0.40921244100766696,0.2662009728289581,0.24137407060352245,0.16986833653437175,0.11066086703365625,0.09077664818502441,0.11855906093195738,0.09775062811561294,0.11810230957021603,0.11592919216466537,0.11592919216466537,0.14233406032869445,0.12352505914220777,0.14154231894308872,0.15252308120717525,0.09455852909138969,0.09455852909138969,0.10311462888650363,0.09347812275585678,0.10642440012669654,0.10981776293569084,0.12280268470601356,0.08465939194175952,0.061543353554913666,0.05968729154764395,0.05968729154764395,0.04608403427697825,0.032353006827898385,0.02352143842600144,0.01640596488927155,0.01640596488927155,0.01640596488927155,0.0,0.0,0.0,0.0,0.0,0.0,0.0,0.0,0.0
213,1.0,0.8165130956680678,0.7759392907602715,0.6542178760850313,0.5746701278388825,0.4727345459195158,0.4445484978965055,0.2554500086887961,0.20842719619593683,0.24367508976571967,0.14386352971638583,0.0,0.033759765782825676,0.04613017309187267,0.019862638615050034,0.049223202384893916,0.02781135987409325,0.01765523602112245,0.02874776632853021,0.007883750604372039,0.02107607469861551,0.020783590707848534,0.05369254130100606,0.07212718766625316,0.06622729209326203,0.10259539586650027,0.11991478807189503,0.1664892044719669,0.14028413823965608,0.10869655363716259,0.12648655739778025,0.13909337176886777,0.1334536923391719,0.0951703459532217,0.0951703459532217,0.0951703459532217,0.0951703459532217,0.07094747588538636,0.07094747588538636,0.07094747588538636,0.04030517227495425,0.017997435522751133,0.017997435522751133,0.017997435522751133,0.017997435522751133,0.017997435522751133,0.017997435522751133,0.017997435522751133,0.017997435522751133
214,1.0,0.922138204991184,0.9506861113630674,0.8345336781684274,0.6922121542419477,0.5891065290439313,0.4884618032263738,0.4262590793752162,0.2081850759213225,0.19587932395498822,0.16875930024576866,0.1479803719282027,0.0411215404716273,0.0411215404716273,0.013264086615111526,0.013264086615111526,0.0,0.01611543910162387,0.01611543910162387,0.03078456634664737,0.03078456634664737,0.033911022528517513,0.009072122428399573,0.028003244604280282,0.04871032027734285,0.060941135230975794,0.0828630080223501,0.07064813377846409,0.086137590446659,0.09843243009889664,0.08675231806322217,0.10161876249775462,0.06884013873105227,0.06884013873105227,0.06884013873105227,0.062318071811081475,0.05496389558516573,0.03700467202535636,0.03307980369520205,0.03307980369520205,0.03307980369520205,0.023454408357252526,0.013324470748203972,0.013324470748203972,0.013324470748203972,0.013324470748203972,0.013324470748203972,0.013324470748203972,0.013324470748203972
215,1.0,0.8680825215939681,0.7405472115498408,0.692199650081369,0.690738488969325,0.6690785995733157,0.6496272521360968,0.5825407103381604,0.5250533340182441,0.4639500730702039,0.4293980933530722,0.325742154204021,0.2014449887599526,0.2170821177433027,0.2170821177433027,0.20434081268639484,0.21287044465237512,0.21089968164979034,0.22002332691227908,0.22721880315478057,0.21934606741766885,0.21934606741766885,0.21355437539927866,0.07517446865704223,0.07517446865704223,0.07517446865704223,0.0760402097172755,0.09468557596893377,0.1329474875357186,0.15655788729906245,0.15451676099664258,0.1446842519740789,0.09555392048183227,0.09555392048183227,0.08886712765137154,0.07229212077589814,0.07047725830118988,0.07047725830118988,0.07047725830118988,0.035631933367486164,0.0250473494801033,0.0250473494801033,0.004590771436917208,0.0,0.0,0.0,0.0,0.0,0.0
216,1.0,0.8872630478484153,0.8147129506786915,0.6498773743244226,0.5599586102139509,0.5223796261443107,0.43003337520400076,0.39245439115559605,0.2856580471726774,0.2601088467314167,0.22197120043252727,0.1843922163628874,0.09047461374097636,0.11271125080922358,0.12392420556062786,0.1787179968853963,0.1787179968853963,0.19300798916625692,0.16562287841575662,0.21989914204954955,0.24760673691580745,0.22939963703913427,0.2117221823495125,0.20234107674766383,0.21112085288779897,0.212167630048463,0.22897269397022812,0.2206793495776255,0.1869914013822841,0.17445550230647153,0.17445550230647153,0.13678261636048544,0.13403056061229568,0.09531953321258736,0.09110763599775658,0.09110763599775658,0.09110763599775658,0.09110763599775658,0.07431389194081724,0.039302915031149514,0.0043768784001272185,0.0043768784001272185,0.0,0.0,0.0,0.0,0.0,0.0,0.0
217,1.0,0.9603731703858833,0.830944258051377,0.7937503170100856,0.667416861251254,0.54761234871005,0.5314850769005095,0.5477158384528498,0.5167336271177276,0.39517304299892525,0.32078516094156356,0.24171925306464204,0.12818181944627347,0.14984953638728987,0.16167730674519148,0.14330738285693098,0.1541911577044056,0.1491537974217051,0.1532779184760993,0.14590907605180445,0.14590907605180445,0.11558407570473293,0.08450911915468129,0.08450911915468129,0.07439374718746466,0.05280713327468976,0.03328637392421184,0.0039324939783432974,0.014318474121837637,0.02583551690319323,0.08666213698893599,0.12025600677964979,0.12025600677964979,0.12025600677964979,0.11800355083245345,0.08991119965376244,0.04700797281761766,0.04700797281761766,0.03235848433722022,0.025450444585287724,0.024710052736800752,0.024710052736800752,0.0,0.0,0.0,0.0,0.0,0.0,0.0
218,1.0,0.918731859763585,0.8114037500746625,0.7651944839572693,0.7352197997363319,0.723062067384391,0.6121235571477747,0.5701270873416462,0.5670950006857911,0.47222988838641,0.27244863309833045,0.17259761766130502,0.002284496272961922,0.0,0.0,0.012267061890988754,0.004526634778971554,0.02345655551293603,0.026176133221497436,0.026176133221497436,0.05009245470653126,0.03317859927177769,0.014503622936321446,0.014503622936321446,0.04891971695607544,0.07133881124769213,0.07852567399352382,0.10107261722732873,0.10107261722732873,0.09947043278652722,0.11030935267382463,0.1214254373782903,0.114655381049635,0.10683818146956872,0.10231617706297282,0.10231617706297282,0.10231617706297282,0.09599632565497469,0.06841673645342408,0.05344998565483354,0.05344998565483354,0.05344998565483354,0.049108607259559234,0.049108607259559234,0.049108607259559234,0.049108607259559234,0.049108607259559234,0.049108607259559234,0.049108607259559234
219,1.0,0.7517852502484612,0.6841091356435879,0.6371306945738526,0.528273222548932,0.48278109377848727,0.44503398641627245,0.44503398641627245,0.4348536455269972,0.13802019370530508,0.11458031743306847,0.057968195314587315,0.0,0.020900209811368805,0.04354181123740118,0.032710594344702554,0.0530982283986045,0.04217754222060332,0.06156691954083674,0.065786620823222,0.0583238536486049,0.0583238536486049,0.09648665839032758,0.05376026441452515,0.05376026441452515,0.05676047440367721,0.05035762373876366,0.06520397469189233,0.06218602161511753,0.1149849752975745,0.14966094800044838,0.14966094800044838,0.14966094800044838,0.1444174055137685,0.13222654716047036,0.11633857404656629,0.11633857404656629,0.11633857404656629,0.11633857404656629,0.11633857404656629,0.11633857404656629,0.07734151826285018,0.062341109614358035,0.03660147725157294,0.03660147725157294,0.03660147725157294,0.03660147725157294,0.03660147725157294,0.03660147725157294
220,1.0,0.8598840502852597,0.7702968421798426,0.5935651658362099,0.532952190717291,0.5155387006408542,0.47096839526376294,0.5030346516698396,0.42973492442873235,0.38181987671803513,0.15946352027458108,0.11482512758540003,0.03627586910657974,0.03152453966436332,0.04918551296287456,0.025819091253934768,0.025819091253934768,0.0,0.007391016414389999,0.006161144523657584,0.006161144523657584,0.017841817712449814,0.022329495418587177,0.03196500446147685,0.0605102077683352,0.07436918395051166,0.11133361081407765,0.14370137550480125,0.14370137550480125,0.19131924500433475,0.16161352742333732,0.16161352742333732,0.15582501629141016,0.15582501629141016,0.15038557347671322,0.15038557347671322,0.15038557347671322,0.14517853135233713,0.14517853135233713,0.1338740997998879,0.08947344277428901,0.07847402836192859,0.07847402836192859,0.0767594999242481,0.0767594999242481,0.0767594999242481,0.0767594999242481,0.0767594999242481,0.0767594999242481
221,1.0,0.9448318565582811,0.758147272064698,0.5851073239414146,0.546273270856662,0.4264251210188886,0.38281872645339354,0.3161528642245378,0.31390850710807466,0.33601170634932837,0.2240009556641501,0.1317608969911007,0.1216596161517134,0.11161543279647303,0.12059032368966704,0.12658390196527738,0.14310698590496798,0.14610416712346222,0.15348565941097375,0.15801884668328664,0.16072769347877267,0.13911275696743788,0.12337918981974393,0.08479037119380847,0.08479037119380847,0.10278279053005855,0.10499828170417375,0.10499828170417375,0.10499828170417375,0.101219187432044,0.12414551818318131,0.12414551818318131,0.12414551818318131,0.12414551818318131,0.11598169744831464,0.10889632639999058,0.10028883913204298,0.09456204512433547,0.08677338536020068,0.08677338536020068,0.08334831706955229,0.04566546752436994,0.024727199243151074,0.0,0.0,0.0,0.0,0.0,0.0
222,1.0,0.8971912569122944,0.7279301167236992,0.6177518845739342,0.5230694925572725,0.42511779808411737,0.30732372532469676,0.33867562231850395,0.24705916034463396,0.20312903265319326,0.09325700396210718,0.028832178666447373,0.0,0.04893167841343849,0.08496675834950397,0.08496675834950397,0.10887651557760777,0.11943583868525275,0.14156581425491532,0.14156581425491532,0.14225926974728387,0.14225926974728387,0.2078562510164163,0.20075162910094188,0.21485031340237012,0.20770499495836767,0.19403271734798072,0.16516938972358577,0.18053610573753864,0.23085091082247666,0.24211624948062785,0.24211624948062785,0.24211624948062785,0.24211624948062785,0.24211624948062785,0.24211624948062785,0.24211624948062785,0.23443277670049992,0.1276769524025579,0.0993927723400003,0.0993927723400003,0.0993927723400003,0.0993927723400003,0.07157958600173157,0.07157958600173157,0.07157958600173157,0.07157958600173157,0.07157958600173157,0.07157958600173157
223,1.0,0.9240900712899988,0.826860438778463,0.826860438778463,0.8561752706689915,0.8138681264081173,0.6768968049313346,0.5922825164239315,0.4230539394665026,0.329091502065979,0.12485265704775866,0.04167348504500971,0.060300086644968526,0.0022005903416069854,0.006926883366458327,0.02182333053838449,0.005117763640117099,0.0,0.011585965048566934,0.04845926950859247,0.04845926950859247,0.05766018128281306,0.09449531235653472,0.1137174988126745,0.043873361723631106,0.08098775634687005,0.09883650956685651,0.11117907735647989,0.11117907735647989,0.13027818093150395,0.13343740759698483,0.13343740759698483,0.13343740759698483,0.10445286535852738,0.09940593887324799,0.08183728352853309,0.08183728352853309,0.07746800731891536,0.059106315259313584,0.059106315259313584,0.05826413871478611,0.05826413871478611,0.05371555791716414,0.05371555791716414,0.05371555791716414,0.05371555791716414,0.05371555791716414,0.05371555791716414,0.05371555791716414
224,1.0,0.9288015520477456,0.8860926405059062,0.8247341094959355,0.8705448714973324,0.7203318610328786,0.6608543128764536,0.5916757343194874,0.5108571949755517,0.45824999500435043,0.4034740190343632,0.2873169834179388,0.15352078487306745,0.1517759899199062,0.1517759899199062,0.17069785357678566,0.1991171407884865,0.19321473794346625,0.21203564346005763,0.21203564346005763,0.1925225048302036,0.1740104855340492,0.16122258319020563,0.16122258319020563,0.15053207090259416,0.15053207090259416,0.16994264159755051,0.17149852532044288,0.1571078826468022,0.14835845962395108,0.14567567160621078,0.15461757416381114,0.15461757416381114,0.13803039567466974,0.1286440216655378,0.08681996482667849,0.08681996482667849,0.08259561398626529,0.07393221243646401,0.03244233846290321,0.03244233846290321,0.03244233846290321,0.027435192729142622,0.0,0.0,0.0,0.0,0.0,0.0
225,1.0,0.9021218208540183,0.7969774678792982,0.7803641008837232,0.7116441838145804,0.6085643083759061,0.43922480082243226,0.4085100123565491,0.3473017097526792,0.3129417512860651,0.19749900696991257,0.14240672578984498,0.1080467673232312,0.1382756132098116,0.1382756132098116,0.15110428223110148,0.13909327229475815,0.13460828087440793,0.12562472079456985,0.11401495336225453,0.12092654876146142,0.119456602130829,0.13032894706971615,0.15382738634789941,0.16657621910258497,0.18809470810158244,0.14532278547070895,0.14532278547070895,0.14532278547070895,0.15973781641086784,0.16524098217269292,0.16524098217269292,0.16139685298636527,0.13841321248529054,0.13841321248529054,0.13841321248529054,0.13049202001142254,0.13049202001142254,0.048973894422356855,0.048973894422356855,0.048973894422356855,0.01440485935779064,0.0,0.0,0.0,0.0,0.0,0.0,0.0
226,1.0,0.9868442287336121,0.8814168716862383,0.7747279634509949,0.7920877029735619,0.6957781531201866,0.6540305334409462,0.5306833362306466,0.43327158008581057,0.3338321643505636,0.2352687558018039,0.17359515720972307,0.10626418197692575,0.07542738266433095,0.08641739220542775,0.08837483303581126,0.08837483303581126,0.09545815915656541,0.09545815915656541,0.09545815915656541,0.09545815915656541,0.11474633132209594,0.04917139328201959,0.046306073592396656,0.05709572286221335,0.0676352292030509,0.07092941868413402,0.0801536537832811,0.0801536537832811,0.07912716153737823,0.08791715577906063,0.055002705036601256,0.055002705036601256,0.055002705036601256,0.050731881616935585,0.03274363134952172,0.03274363134952172,0.03274363134952172,0.03274363134952172,0.03274363134952172,0.027713275867246524,0.020335612524020316,0.014083346452444969,0.0,0.0,0.0,0.0,0.0,0.0
227,1.0,0.9256335343665194,0.8897866810432876,0.8135079970996794,0.6959657640099728,0.6913881803465322,0.5855636905574749,0.5785013849434616,0.49083113627147745,0.49083113627147745,0.4029371055119995,0.2682157990817518,0.09847732357726074,0.14464256887412638,0.13593318357440848,0.14404495006000076,0.14458043607809307,0.14929749432379408,0.1150238632214696,0.11797084691294084,0.11797084691294084,0.10971522433282103,0.10971522433282103,0.10225421284209077,0.11811024005301166,0.11811024005301166,0.14859504078565944,0.15726274641339516,0.0,0.03025030016312365,0.04939495206318224,0.05646875067670978,0.03397300488112518,0.02564331974097185,0.02564331974097185,0.02564331974097185,0.02564331974097185,0.016681671081843583,0.016681671081843583,0.01250829985508969,0.01250829985508969,0.007677550507217441,0.007677550507217441,0.007677550507217441,0.007677550507217441,0.007677550507217441,0.007677550507217441,0.007677550507217441,0.007677550507217441
228,1.0,0.954533448881139,0.8374080981126164,0.773108003913649,0.7166871601123426,0.6591641238380259,0.5990264103338214,0.5868064498532484,0.530960509060487,0.4712431765064666,0.32639327630185144,0.2620931821210517,0.22465402017943745,0.2217439240054571,0.20549231900018164,0.1864998303733184,0.1864998303733184,0.14808915900284786,0.14808915900284786,0.145333928027317,0.1669363478232062,0.15804523879625548,0.15804523879625548,0.18751791924421823,0.18751791924421823,0.21405102927358852,0.2215472181042907,0.21315100369320095,0.20028018492454838,0.19407960020399861,0.1759161925982287,0.1759161925982287,0.1510135555400875,0.1510135555400875,0.13961138445097335,0.12726403399483854,0.12726403399483854,0.12726403399483854,0.12726403399483854,0.01684459734681378,0.007992934659669342,0.007992934659669342,0.007992934659669342,0.0,0.0,0.0,0.0,0.0,0.0
229,1.0,0.8924875562745924,0.7521964855876743,0.7266212684449717,0.6451790991974298,0.5662889469048678,0.5873768670391064,0.5523040993470625,0.5534411532383905,0.5697436140201354,0.4208852924284918,0.2768891220825443,0.24856433682320545,0.2099877813050387,0.24203791207783704,0.2275020239855634,0.2636549256691988,0.2913079792069193,0.28227895703318895,0.30640344486293625,0.33458716937077926,0.33458716937077926,0.3316446375147753,0.16080463160332317,0.12347521023044145,0.0954513181651012,0.0954513181651012,0.0954513181651012,0.1051486358015525,0.11494850470060582,0.08258657472732407,0.06343753989706878,0.036271035241256695,0.024130202043071255,0.024130202043071255,0.024130202043071255,0.021920430076018564,0.021920430076018564,0.021920430076018564,0.021920430076018564,0.021920430076018564,0.021920430076018564,0.021920430076018564,0.0,0.0,0.0,0.0,0.0,0.0
230,1.0,0.9538476454219174,0.9097851289832651,0.7704698500169291,0.805464865287222,0.7108741415851401,0.6720230814808551,0.6479414371382693,0.6061935004629733,0.5016849826770987,0.31208264618047893,0.31208264618047893,0.135832580440063,0.1279974181730704,0.15747883082821418,0.1545451549989381,0.15141210709368086,0.12011895665828054,0.13169120171008927,0.12097822009146617,0.12497048201403037,0.13017227400769774,0.0980616766573458,0.10809356337137307,0.12385987875176808,0.13589088162785426,0.128432065436187,0.11705893481819309,0.11568274891890204,0.1331374285825832,0.14998348635800232,0.14998348635800232,0.12494062596261911,0.12494062596261911,0.12494062596261911,0.12494062596261911,0.11894946701664667,0.11435004409945178,0.054991402484954204,0.054991402484954204,0.054991402484954204,0.03076554986819502,0.010000157548788094,0.0,0.0,0.0,0.0,0.0,0.0
231,1.0,0.8843239403920741,0.7574209807905484,0.7628421655247356,0.7577462401593861,0.6935295824549229,0.7030717028104423,0.5081769087250534,0.40614221412177787,0.382506782594266,0.35780835212526557,0.2909969237983459,0.16213319089723335,0.14166262111815958,0.1354538185470882,0.11823292543247459,0.11823292543247459,0.11698663992185632,0.11698663992185632,0.10884619824431503,0.10884619824431503,0.10884619824431503,0.1440965210545051,0.14437826739352128,0.12481049563947923,0.10850784262054618,0.09333543760492896,0.07498001141083906,0.07913543431661871,0.07913543431661871,0.07913543431661871,0.07413897174615339,0.06622015914327649,0.06622015914327649,0.040682356892760674,0.040682356892760674,0.040682356892760674,0.040682356892760674,0.040682356892760674,0.010791114387199544,0.010791114387199544,0.010791114387199544,0.010791114387199544,0.0,0.0,0.0,0.0,0.0,0.0
232,1.0,0.9370039433742355,0.7799774384232633,0.7613469148165117,0.626491749297074,0.4917722343014393,0.4302511887199233,0.48477804417354914,0.2707886952579489,0.19227544277702766,0.11376219028279669,0.03916767080338869,0.012570621755267863,0.051841353401656715,0.08045853638751639,0.10588063109696234,0.08087267287439211,0.0,0.03221149388490745,0.0668788177280368,0.06928334148455857,0.09839119022924665,0.11709273926298988,0.17289950496975398,0.17289950496975398,0.1392037365515133,0.15704770052851072,0.14861215086732954,0.1462429036540147,0.1292033883975579,0.11988549600473636,0.10870700142647904,0.10870700142647904,0.10870700142647904,0.1058554069716608,0.1058554069716608,0.1058554069716608,0.0978741457749441,0.07525250026012079,0.07238013927341323,0.04776247477013451,0.04776247477013451,0.04776247477013451,0.02254494831488551,0.02254494831488551,0.02254494831488551,0.02254494831488551,0.02254494831488551,0.02254494831488551
233,1.0,0.9770117710004758,0.9506406943321807,0.8805155471012475,0.7770120273689366,0.6608982979252347,0.605321014030178,0.5722623088506855,0.4948314166519844,0.359357342391331,0.2256486431809019,0.16670747882897066,0.09171977813625797,0.09795528514585677,0.09795528514585677,0.09795528514585677,0.08728414730313468,0.08552830166782945,0.08552830166782945,0.09084480460634202,0.0765434185127026,0.0765434185127026,0.021591977921106918,0.03525135116347657,0.016975666017616426,0.03593981379229957,0.03593981379229957,0.04910676373922934,0.07035515769525816,0.06843841435084468,0.05867150386212483,0.05849768115405514,0.015189221745516403,0.011747198515968418,0.011747198515968418,0.011747198515968418,0.011747198515968418,0.005124917571345859,0.005124917571345859,0.005124917571345859,0.0,0.0,0.0,0.0,0.0,0.0,0.0,0.0,0.0
234,1.0,0.8951509366990047,0.8878625151384046,0.8159101549840918,0.7439577948297791,0.697550271912334,0.6912751489215716,0.694722701823312,0.519843573867602,0.5356548130367476,0.3293662026198778,0.2349347465271644,0.1119151140784371,0.12604352464353732,0.133615601179294,0.133615601179294,0.14827167204167113,0.11359206314087666,0.10816530913526437,0.10727546107491251,0.08935028426492073,0.10239315281551079,0.08873036939026754,0.10184948665747193,0.04644357862491427,0.034524834889818966,0.0413559911876343,0.0413559911876343,0.07822864151570663,0.07822864151570663,0.09021020035871347,0.09021020035871347,0.09021020035871347,0.09021020035871347,0.03987464763057188,0.03987464763057188,0.03987464763057188,0.03987464763057188,0.03576618789681052,0.0298179083718707,0.013563455486588894,0.0,0.0,0.0,0.0,0.0,0.0,0.0,0.0
235,1.0,0.9800576722831116,0.901948148012019,0.814803774495839,0.7936903745270417,0.5972159357943165,0.5335595319121468,0.41474976472112274,0.38428120734643406,0.39559616212724286,0.37809240136681577,0.3036421579631717,0.08374604244201153,0.11796981093768535,0.13896984308995075,0.12308279118763527,0.12308279118763527,0.12308279118763527,0.0,0.035711112412487304,0.02858143862704278,0.05638334519848414,0.025439426703630835,0.014633981670229116,0.014633981670229116,0.014633981670229116,0.05091943736579087,0.04948298018335019,0.08785093344113237,0.11397187678804137,0.11397187678804137,0.11397187678804137,0.11397187678804137,0.11397187678804137,0.11067143344975844,0.08156083056174208,0.05317740394423331,0.0465675685047148,0.04307835113188761,0.04307835113188761,0.036397703222188355,0.024364786833662094,0.024364786833662094,0.0009317604317576784,0.0009317604317576784,0.0009317604317576784,0.0009317604317576784,0.0009317604317576784,0.0009317604317576784
236,1.0,0.9265851092193991,0.9265851092193991,0.8943631477587033,0.8504902888437059,0.7295437416262683,0.517160186216995,0.42989067152669946,0.32162036911862213,0.2159032184238783,0.19321115775393052,0.07322183862033994,0.05305118539738254,0.05929594048412011,0.0536210788947819,0.08224716531833541,0.08224716531833541,0.10572430631678502,0.10552769357551813,0.07046712085260719,0.05487849469104069,0.05487849469104069,0.08109450402152452,0.055797551836881974,0.07584093813027004,0.09870160345253297,0.09935591551933935,0.0518339765986017,0.07901736778493475,0.07901736778493475,0.0818734820674203,0.0818734820674203,0.07362582433005456,0.07362582433005456,0.07362582433005456,0.07362582433005456,0.07114482233382143,0.07114482233382143,0.07114482233382143,0.07114482233382143,0.07114482233382143,0.013658515845892465,0.007396976775683336,0.0,0.0,0.0,0.0,0.0,0.0
237,1.0,0.8859245516649322,0.793018396340476,0.742499152675459,0.6779321605339712,0.6262027810164634,0.5059080498850869,0.4436566242746311,0.3578411456648054,0.17743969477538601,0.14126978128318365,0.14121017643252687,0.11008446362729911,0.10631896619230224,0.08439045254761646,0.058037763823807924,0.03056205449128246,0.028635616182019315,0.022048305532783495,0.022048305532783495,0.01297572081875495,0.0,0.0200881837945176,0.0631387549796468,0.07373649506180754,0.07373649506180754,0.07168683491754559,0.051284023470708526,0.09897282809499396,0.1007130030685966,0.12951335878919543,0.12951335878919543,0.0781949456627473,0.0781949456627473,0.0781949456627473,0.0781949456627473,0.0781949456627473,0.0781949456627473,0.07507399591273696,0.06903682779213889,0.021810860148601795,0.021810860148601795,0.021810860148601795,0.01562964514037262,0.01562964514037262,0.01562964514037262,0.01562964514037262,0.01562964514037262,0.01562964514037262
238,1.0,0.9137412625960845,0.8105780734009935,0.7733512907647938,0.7831071813546093,0.7458803987184093,0.6342000508602968,0.5354680258313422,0.5146005413371996,0.4385651362041406,0.1022408435947613,0.09563339248725229,0.09563339248725229,0.09632077296212714,0.09237839773124523,0.09237839773124523,0.09237839773124523,0.08320703332336593,0.06346056769591636,0.054184552393049604,0.054184552393049604,0.0682179305537591,0.08019650275626,0.09198351448175224,0.10717501332549977,0.08509442118791248,0.05653036793700107,0.07905139561925326,0.07905139561925326,0.08573758710967815,0.0952290258974226,0.08918586040248139,0.04967871467613588,0.045802717420685625,0.045802717420685625,0.045802717420685625,0.045802717420685625,0.045802717420685625,0.04071012503865074,0.04071012503865074,0.04071012503865074,0.020242602481498177,0.020242602481498177,0.0,0.0,0.0,0.0,0.0,0.0
239,1.0,0.9377132849003976,0.9063875467898047,0.8529283383524969,0.821699770044063,0.7413424555502584,0.6464988515929315,0.5718305489369553,0.5327505824855114,0.33798712282121585,0.19866042833749478,0.16110035086052965,0.08598019588537552,0.06235858790990314,0.06235858790990314,0.059771672030015086,0.07180485408678872,0.07180485408678872,0.08371363463445643,0.07561901256742433,0.08057721459619896,0.09881244208518249,0.09749668144151773,0.10715848254234994,0.08966897134876904,0.1019312113901443,0.09987577048606294,0.0909798877908791,0.07238833781046071,0.11633494508521765,0.11178425095713537,0.11178425095713537,0.07602884904594209,0.07602884904594209,0.07602884904594209,0.066253898353215,0.011268950063338154,0.0013648857378000712,0.0,0.0,0.0,0.0,0.0,0.0,0.0,0.0,0.0,0.0,0.0
240,1.0,0.9832005984266311,0.9500515385277384,0.8901768408668852,0.8247476357077677,0.6754281146124027,0.47297774859637887,0.318121037019148,0.27491840126499545,0.22518764447559692,0.14202123835236902,0.1602789910938179,0.12756438851425916,0.12756438851425916,0.12756438851425916,0.052301642515901726,0.06579585600788486,0.04825856886181771,0.05687958960825658,0.05687958960825658,0.05489054191055786,0.0638925768865498,0.04701552950479838,0.037336113667682386,0.02373037729893565,0.024481549622883764,0.04549859213459528,0.04167323880570819,0.07806976923288514,0.08077439347869945,0.07368829720301472,0.07368829720301472,0.062191258292959455,0.062191258292959455,0.04080318148583109,0.03459498013146507,0.03459498013146507,0.03459498013146507,0.03459498013146507,0.03459498013146507,0.03126364925137927,0.025542462284972714,0.01890946520264291,0.0,0.0,0.0,0.0,0.0,0.0
241,0.9824541457313719,1.0,0.8036417748444492,0.7250984847742398,0.6858268397502311,0.6438310662520788,0.5652877762040613,0.5652877762040613,0.5117702474500109,0.41248107411998136,0.24697617230851243,0.18690707401551893,0.08484194470533198,0.08484194470533198,0.1000648138282723,0.11637520076270715,0.11637520076270715,0.1306421523486118,0.14457809450240539,0.11123600536471319,0.12490214045208524,0.108110496988564,0.108110496988564,0.108110496988564,0.09711372857281103,0.13012826166524594,0.1712491863524068,0.16426225796760127,0.16086328201187852,0.14415931373176477,0.16224412654557038,0.16224412654557038,0.15311458540630665,0.15311458540630665,0.15311458540630665,0.10768557391612109,0.09650515045944687,0.08879261651209723,0.0686184553999833,0.04416579506809963,0.013501396472226717,0.007868687625416345,0.007868687625416345,0.0,0.0,0.0,0.0,0.0,0.0
242,1.0,0.9646935339707742,0.8979437038170758,0.8979437038170758,0.756798684121637,0.7798832203826596,0.7611734228236177,0.6262571367176277,0.5574100379247867,0.4519835889362312,0.38152993686653613,0.3046137444705296,0.1835432275482306,0.1835432275482306,0.1745802585551947,0.1853241920591319,0.15684840299056102,0.1679509450231138,0.07994630597391726,0.07321610462785542,0.06348995554880096,0.04518738428321089,0.037317034129531225,0.06368568145403289,0.06368568145403289,0.07796600823379791,0.09519580603999674,0.08773349525199498,0.09735521511170712,0.08452580146007016,0.08452580146007016,0.0726748892237082,0.0726748892237082,0.07109215292625552,0.05831672309879105,0.05627506825475972,0.049456020831570614,0.049456020831570614,0.035796387318838274,0.035796387318838274,0.035155119589383166,0.029289233275816087,0.0,0.0,0.0,0.0,0.0,0.0,0.0
243,1.0,1.0,0.9024523341702255,0.8536785012718752,0.7684946893467284,0.6398092388197851,0.454720829785163,0.42091723896953237,0.372143406071182,0.3327341491406899,0.32486576267504647,0.0595043725767929,0.02605738947048948,0.0,0.02436175690413377,0.04015114830502614,0.02089211905444462,0.009296870822460324,0.036540034563759344,0.055655099670982956,0.09770771615493311,0.13087748584099143,0.16630701444092225,0.07094392974138392,0.07094392974138392,0.03883886425651637,0.04833520587560803,0.04833520587560803,0.05130312802370637,0.05130312802370637,0.1223870931822945,0.13261028463473953,0.11925581826117043,0.11544737705641114,0.11544737705641114,0.11544737705641114,0.10491467341101021,0.09989916711493234,0.08734493971224158,0.056975700832172044,0.056975700832172044,0.056975700832172044,0.04785364696499447,0.016522492472931315,0.016522492472931315,0.016522492472931315,0.016522492472931315,0.016522492472931315,0.016522492472931315
244,1.0,0.8773717802585335,0.7789265845173714,0.7789265845173714,0.7941812159449226,0.7646940783314178,0.6114960140538432,0.4398550096876252,0.3769626194427616,0.25078010925015254,0.2580615416211912,0.2240687176225498,0.167864978314816,0.16613879664953335,0.16613879664953335,0.13914293121269164,0.12703956091822713,0.11065364045593981,0.11065364045593981,0.12296912115334743,0.155867021884947,0.15496630769013828,0.15496630769013828,0.11238574349737493,0.10611580298781124,0.10611580298781124,0.09227684732404419,0.1024451464800634,0.11466628177508323,0.11466628177508323,0.13922214137752176,0.10851355453345381,0.09920618625713644,0.09655190087726147,0.09655190087726147,0.07689787843817926,0.07689787843817926,0.05111388657077188,0.026023194872672826,0.025185258309489214,0.025185258309489214,0.025185258309489214,0.01875369911682987,0.0,0.0,0.0,0.0,0.0,0.0
245,1.0,0.9294343092386046,0.8953272234044632,0.8538646562441139,0.7271462326737289,0.6379647421965838,0.5379196439843326,0.5045712779217487,0.43616117966397383,0.33302798930090494,0.3453729025350894,0.24995775817790364,0.0795172509065404,0.07436484206690362,0.05599640026988918,0.059995090711853105,0.059995090711853105,0.06279306676496597,0.06279306676496597,0.05879814317840778,0.06598345614644698,0.08312277314523726,0.0747357007162559,0.06857809908301582,0.06612669449421639,0.04088781449636345,0.0638069429038962,0.0797663525430608,0.09701803578008625,0.11557002720252389,0.11305071351577227,0.11305071351577227,0.11305071351577227,0.11106117972048152,0.11106117972048152,0.11106117972048152,0.10392530055418875,0.09101950875383599,0.09101950875383599,0.025478221778125237,0.016791287623038432,0.0,0.0,0.0,0.0,0.0,0.0,0.0,0.0
246,1.0,0.9793026173621525,0.952648151840934,0.8789550266805463,0.7810908885634796,0.7440862073166911,0.6909071560426167,0.647831222339874,0.564585860702768,0.5306633740129382,0.36710054022109795,0.2030302926917343,0.139229385835878,0.1585734176831841,0.16452281572523986,0.1230550542142054,0.11384550759515634,0.13535980893117394,0.15061051914016943,0.16800962036720102,0.24052795677725336,0.21333551111173443,0.21816637309530038,0.09599243527570626,0.09599243527570626,0.10782233863045701,0.15451841078538897,0.10456641885164286,0.0977479787446257,0.0977479787446257,0.11608009182972712,0.11608009182972712,0.11136493260491127,0.107348420830369,0.107348420830369,0.08997918529123483,0.08997918529123483,0.07285240408601426,0.032139713055143404,0.024551178293992018,0.01901745978905883,0.007056172243252037,0.0,0.0,0.0,0.0,0.0,0.0,0.0
247,1.0,0.9820185127285297,0.8797247427949296,0.757320660482049,0.6035815084576167,0.40157736846420344,0.3967171911771951,0.43275527347899395,0.3717013373415888,0.2696639336962762,0.2279030130805151,0.21740059434353493,0.24126807528585653,0.23730918346003654,0.23730918346003654,0.24148190336813324,0.2421105111282846,0.20546518763387572,0.21445962742778474,0.17378972940712012,0.18905809814517938,0.19984866526219106,0.1785797555352247,0.1785797555352247,0.1733508990242284,0.21459866396850752,0.22163535319669084,0.19608843917313634,0.20555091113656868,0.20264622962565124,0.20264622962565124,0.18660027198726006,0.1837855423761078,0.1837855423761078,0.17848639237866507,0.1640022647260459,0.16091265556022447,0.16091265556022447,0.06972710085075053,0.06972710085075053,0.04562480765406507,0.0280878398013847,0.02089947289675271,0.0,0.0,0.0,0.0,0.0,0.0
248,1.0,0.9615387370636848,0.9003759762825418,0.8270687749711204,0.6739527981115988,0.6206284864743347,0.5342238039474634,0.49833694378609833,0.45099452445957755,0.29240345853378347,0.19388292775910285,0.13781833612457414,0.13781833612457414,0.17266714605916536,0.20342319908086043,0.20342319908086043,0.20342319908086043,0.16016036124277566,0.17109289358691224,0.1638311030882901,0.1638311030882901,0.1597858261689516,0.1597858261689516,0.1552091253828675,0.14757742886404818,0.1334754642026253,0.09926548061743719,0.10352215804113028,0.10352215804113028,0.1270123403070955,0.12773048919946847,0.14777283296003582,0.14777283296003582,0.14777283296003582,0.14777283296003582,0.10916853113595174,0.08372881898692222,0.08372881898692222,0.08372881898692222,0.058948754567770476,0.04830782335595299,0.03094320181231992,0.03094320181231992,0.0,0.0,0.0,0.0,0.0,0.0
249,1.0,0.885517651516681,0.885517651516681,0.782400274360005,0.6910085346298342,0.6229323592358957,0.576793409621839,0.5584050086998104,0.476166581564644,0.36981293624804024,0.2784211965213123,0.1664675376015314,0.08729328244871364,0.08604873464471444,0.164259349549826,0.1729001425789727,0.21186513085719,0.2386911698450462,0.2386911698450462,0.2386911698450462,0.22764131875778032,0.19648667176544238,0.16485023993023498,0.1883684727999719,0.17069976430768505,0.18271995027922858,0.16184993136211473,0.16013430705195714,0.16013430705195714,0.16013430705195714,0.1641298393519597,0.17051519803533968,0.1635342733204886,0.1431567274398539,0.1431567274398539,0.13331932249668266,0.13331932249668266,0.08678158442718552,0.07461692918098548,0.06780208489558855,0.0540381377088485,0.02226278743758508,0.016565194260152332,0.0,0.0,0.0,0.0,0.0,0.0
250,1.0,0.9257248812312735,0.8760325212205265,0.8116164656999315,0.7785007295241112,0.7448976578049953,0.6065039149131706,0.48190033200845783,0.36245524535724666,0.2957819607802467,0.2248755448400741,0.0948479588689844,0.036259304031370294,0.032456745742979166,0.041817936131032046,0.042275338719896735,0.03561892363451409,0.03561892363451409,0.04426190008934859,0.08226524663763432,0.09778907955429776,0.09778907955429776,0.08501902865108618,0.07951343144664696,0.07252397147087891,0.058609814891130624,0.058609814891130624,0.12673415913263913,0.14738580374683274,0.14221187818304226,0.15635760986803135,0.15635760986803135,0.15635760986803135,0.15635760986803135,0.12866501832127486,0.11366552617300187,0.10955168126881268,0.09465324083444582,0.06968795442722042,0.0588238824208846,0.0588238824208846,0.0588238824208846,0.005817522553749712,0.0,0.0,0.0,0.0,0.0,0.0
251,1.0,0.8885557989631316,0.7933697438784153,0.7124284148613614,0.6438540306145972,0.5067052621055678,0.46478919542296676,0.4086423915136656,0.3743551993883459,0.36721895065242194,0.18625700016676033,0.09280846716431061,0.07359024733992901,0.068256609226521,0.08292115668841242,0.08063832050625266,0.06332209830870215,0.04922341337682508,0.07413977567563053,0.10176842584255018,0.09922733986405798,0.11584251213828589,0.11584251213828589,0.08831950480195491,0.0827635515233296,0.0827635515233296,0.09675905780312304,0.098645246770735,0.1096348797478305,0.1096348797478305,0.1096348797478305,0.06497669836071299,0.05897623185627723,0.05006683864851006,0.026819160110211706,0.010658461722636504,0.010658461722636504,0.006773270511274954,0.006773270511274954,0.004013659302552939,0.004013659302552939,0.004013659302552939,0.0,0.0,0.0,0.0,0.0,0.0,0.0
252,1.0,0.8951769492958621,0.8507238690408255,0.7470765643904373,0.638319403478482,0.5567369166068699,0.4418611464879914,0.4669113866504161,0.36262830384072753,0.33660229430395544,0.2184873460333852,0.17771308612407352,0.1139646489578093,0.10837766507312524,0.1236974050378426,0.07689573331813424,0.09386853423171268,0.09284938205432854,0.09284938205432854,0.10298507764101776,0.10672885480825986,0.1284382139405189,0.12534004754519015,0.08738035915517585,0.08738035915517585,0.08678189412583624,0.08678189412583624,0.06885720737711717,0.06885720737711717,0.06885720737711717,0.090182253454683,0.090182253454683,0.090182253454683,0.08920534013852581,0.08920534013852581,0.08264882753358618,0.08264882753358618,0.08264882753358618,0.06940597726634344,0.06940597726634344,0.05886067116192977,0.007918760078106034,0.007918760078106034,0.0,0.0,0.0,0.0,0.0,0.0
253,1.0,0.9063398100703053,0.9031519641896109,0.8722167051351636,0.6544408842043439,0.5899119301846502,0.5474288236745918,0.48922936756090457,0.4088437950356093,0.4067445398166749,0.3346131279151257,0.23884717732937508,0.15166300035346225,0.14582647817790423,0.14582647817790423,0.17543530569871799,0.2222360664657232,0.17822639560564607,0.18955527288521568,0.18955527288521568,0.19499618561743579,0.15742002189804283,0.18426865198383316,0.1909199776526193,0.1800751649367095,0.1800751649367095,0.18741751210442356,0.1960022940059275,0.060359218814340754,0.07882861943687151,0.06246338354257798,0.054886960682945775,0.054886960682945775,0.04747760976144359,0.04747760976144359,0.04053945407715454,0.026199781042292952,0.017114830211075287,0.00586852170314877,0.00586852170314877,0.00586852170314877,0.00586852170314877,0.0,0.0,0.0,0.0,0.0,0.0,0.0
254,1.0,0.905469132748926,0.8169758547778417,0.7839858730174029,0.6630914682907928,0.5286506405716719,0.49566065874225645,0.42242680259093623,0.36668926482263664,0.30151681269716096,0.2173657665594854,0.15138580292302517,0.08540583929029355,0.04712967535023544,0.054886617742789995,0.06965237229666679,0.06965237229666679,0.07899081407520117,0.08604181099147265,0.0796603785846636,0.09459759844640118,0.09438753871572722,0.0,0.042538278664694076,0.07625464376516321,0.08528428515492892,0.09621283264287354,0.12162696515119512,0.13302415972438406,0.12901366280899476,0.14230886220666353,0.14230886220666353,0.14230886220666353,0.14230886220666353,0.14230886220666353,0.14230886220666353,0.1351846794002168,0.1351846794002168,0.1319988660192124,0.1319988660192124,0.1319988660192124,0.12629436307350791,0.12629436307350791,0.11132304199411666,0.11132304199411666,0.11132304199411666,0.11132304199411666,0.11132304199411666,0.11132304199411666
255,1.0,0.8154933644559662,0.7072608067292423,0.6244024951207254,0.5552892825436904,0.45429115315613827,0.4333625431378412,0.31791763241949456,0.32410242518796784,0.18923295314408478,0.11543029890812068,0.06533067981755405,0.017673206470151248,0.021021278945519743,0.03719841722242182,0.03551232849984949,0.03551232849984949,0.06531155697582164,0.07895588293252682,0.1352947709952299,0.12674486709904817,0.1353048862865034,0.12924221877624803,0.09507480831287349,0.06562303779628431,0.06562303779628431,0.05399075194084575,0.07058922740478871,0.0895970356534692,0.06960399304471064,0.08394708249308727,0.06379969051452891,0.06379969051452891,0.061279341243446715,0.061279341243446715,0.05167582929132741,0.027777441556739207,0.027777441556739207,0.018279158882609167,0.018279158882609167,0.006398531063649306,0.006398531063649306,0.0,0.0,0.0,0.0,0.0,0.0,0.0
256,1.0,0.8980364978039306,0.7357364400596679,0.7618470358448228,0.7425708120078286,0.6820423612794099,0.6487756087978902,0.5682871949619354,0.535486929055597,0.47249518866659396,0.2826635101279481,0.251172289655499,0.06921042925395836,0.0950197458635241,0.08754623505555262,0.0,0.0,0.011564001919259884,0.011564001919259884,0.027118938762266936,0.049037481319367006,0.04767312544523481,0.06536333731272569,0.06536333731272569,0.08254161650970802,0.10199557242512569,0.10199557242512569,0.08765104306798299,0.09202921760795567,0.1357113031007262,0.16776126663953145,0.1638329182043942,0.1638329182043942,0.1638329182043942,0.15601492206521175,0.1304267494730401,0.1304267494730401,0.11960027002609168,0.11960027002609168,0.11960027002609168,0.11960027002609168,0.11960027002609168,0.11064796675714147,0.11064796675714147,0.11064796675714147,0.11064796675714147,0.11064796675714147,0.11064796675714147,0.11064796675714147
257,1.0,0.8227120947874043,0.7830639690641817,0.8136113076510576,0.7343150561956512,0.611190052923242,0.611190052923242,0.4525975500236306,0.4514821313155973,0.3604894201565324,0.30262557421529795,0.11415304242912663,0.040804009816967794,0.0,0.016037132753992534,0.033782959233768,0.047996739113618556,0.0008778187398519329,0.004899905491252283,0.015151654336948999,0.03617933359413525,0.04505017352762319,0.032677063354902426,0.10007239837024286,0.1484266475215002,0.15369885503006805,0.16683801505110837,0.14210626412197336,0.20487163754897433,0.2019175794936439,0.2019175794936439,0.2019175794936439,0.19627135258855796,0.18460240116451634,0.1752650708545089,0.1752650708545089,0.17064157224499496,0.17064157224499496,0.15996089566549018,0.15996089566549018,0.15996089566549018,0.15996089566549018,0.14374527616169394,0.13847740194441718,0.13847740194441718,0.13847740194441718,0.13847740194441718,0.13847740194441718,0.13847740194441718
258,1.0,0.9819907421529194,0.906329287953291,0.8694991577562424,0.8694991577562424,0.7897054412632973,0.7195641674033961,0.6494228935375493,0.4957214215863631,0.3395512822270808,0.27993626217583256,0.20264430295691688,0.04356094384566945,0.06487466627851592,0.04327681778946319,0.02816334533341202,0.01757584719741748,0.01757584719741748,0.0,0.0,0.04976352315893799,0.054265567906708286,0.04945306305178488,0.05861673037591998,0.11504551113018492,0.12943943724104282,0.14722551969314202,0.16166093367347445,0.16762702973513016,0.16694584599364412,0.16694584599364412,0.17163434089158147,0.17163434089158147,0.16406694459795595,0.1555539224779387,0.11747007585504185,0.11747007585504185,0.11173707743719508,0.08225110563854754,0.0633400928066424,0.05198465675262315,0.03270259684758365,0.026395810338131265,0.020376557027001908,0.020376557027001908,0.020376557027001908,0.020376557027001908,0.020376557027001908,0.020376557027001908
259,1.0,0.8911585554262049,0.833663701408351,0.7973264374655459,0.8228647706797677,0.8039170878033942,0.7278098850541446,0.6583115291979328,0.4778440535378914,0.3335873195528527,0.2681980482198568,0.15580793830548798,0.10029972871580622,0.1274627383225303,0.1274627383225303,0.10785950592720275,0.14291929018104751,0.09196996962663007,0.09823802691519752,0.028945502792082033,0.005284479160381898,0.00974525795874747,0.0,0.04917914929013284,0.062072397030739156,0.07512175559567075,0.07512175559567075,0.06679380311165181,0.0834421984911559,0.0630167934468948,0.06693522630504803,0.06693522630504803,0.06693522630504803,0.06693522630504803,0.06693522630504803,0.06693522630504803,0.0588106716951108,0.05184975725045739,0.05184975725045739,0.05184975725045739,0.05184975725045739,0.05184975725045739,0.05184975725045739,0.05184975725045739,0.05184975725045739,0.05184975725045739,0.05184975725045739,0.05184975725045739,0.05184975725045739
260,1.0,0.9559773614226674,0.9150569233327925,0.8627555793460413,0.7692467441231231,0.6113123519848306,0.4724266110689383,0.4724266110689383,0.45374250183067266,0.41282206372553626,0.3054295958186012,0.2235887196087906,0.02878548787330861,0.0,0.015607266228727969,0.05120340447031817,0.04719744026650323,0.06422261393007646,0.0742454191437616,0.0742454191437616,0.1200388185320297,0.13188028996557202,0.12782720872826994,0.14016074417665275,0.11641490939508652,0.13180539576778458,0.13180539576778458,0.14225913160329606,0.14301757012823363,0.18880277377883772,0.15785223393341674,0.15785223393341674,0.15182725703058808,0.15182725703058808,0.14036987176935775,0.14036987176935775,0.1126784708963749,0.10640203086876558,0.056569632316648515,0.05040881261773962,0.04829537609146419,0.03908422558250265,0.012414161461314056,0.00033601446071858946,0.00033601446071858946,0.00033601446071858946,0.00033601446071858946,0.00033601446071858946,0.00033601446071858946
261,1.0,0.9561935415250175,0.8204482708327061,0.6642925429002544,0.6215923889608386,0.6189911941521562,0.5231208941323066,0.39847372248872237,0.24231799464451267,0.24749688077802984,0.2458596662667577,0.06733687250776661,0.07812317113835324,0.11813027888821928,0.13053252128252282,0.15388075786372385,0.1783882859133299,0.0800502335555182,0.0800502335555182,0.07518408995858754,0.07784811173869875,0.06021600408975965,0.04738491712511728,0.09270643156404154,0.07861842689259539,0.0749613872950724,0.09644666808144112,0.09644666808144112,0.0757550077405117,0.08639176932930241,0.05913395923424003,0.07076976431937994,0.07076976431937994,0.07076976431937994,0.05983918525897123,0.05100144416395776,0.019430533331739185,0.019430533331739185,0.019430533331739185,0.019430533331739185,0.015849332227466307,0.0027521838292808663,0.0027521838292808663,0.0,0.0,0.0,0.0,0.0,0.0
262,1.0,0.8627798729971833,0.7773543039854313,0.6767557388642168,0.5324292153047175,0.5100200724471307,0.4193116240640739,0.29339566093723657,0.26318406487172563,0.21113293024685767,0.1506201270506798,0.08091468810458237,0.08862554647403277,0.08491026732794799,0.08491026732794799,0.06654878750662435,0.0519786897393137,0.05289457848782261,0.04221555338102216,0.03493415533424469,0.03493415533424469,0.012066558080648805,0.012066558080648805,0.0,0.04078220624921918,0.04471961742655602,0.06308234914595848,0.07418986646350084,0.10384963646760642,0.08962847455507576,0.1016766613906081,0.12055791114724758,0.12055791114724758,0.11294245985069862,0.08389749061280515,0.06942439328393851,0.06942439328393851,0.06942439328393851,0.06942439328393851,0.06942439328393851,0.03106402699663485,0.006974030254833445,0.002894170311185016,0.002894170311185016,0.002894170311185016,0.002894170311185016,0.002894170311185016,0.002894170311185016,0.002894170311185016
263,0.9665910660001121,1.0,0.9900686148747511,0.9546642600229833,0.8283155068963676,0.7033164554293502,0.5935304992905127,0.5078914007962823,0.4945215829931485,0.27989378208787313,0.23318574606631218,0.11927132969600591,0.11272154275444553,0.1620282419735478,0.14302253283804164,0.1236458635368028,0.1236458635368028,0.044742980841311765,0.06252656860285011,0.07832752468882292,0.072021094829789,0.072021094829789,0.05756195620520475,0.0986639766211984,0.14371771583897078,0.13347161942356342,0.11139723970574232,0.09517574654580302,0.09517574654580302,0.09517574654580302,0.13888950909995207,0.13888950909995207,0.06882400777194682,0.06882400777194682,0.06882400777194682,0.061917272369259535,0.04622516042220538,0.02640046414509227,0.02640046414509227,0.02640046414509227,0.025695696244748285,0.01953243478584952,0.01953243478584952,0.0,0.0,0.0,0.0,0.0,0.0
264,1.0,0.973246058865876,0.9626520157377848,0.9770737688494978,0.7792890887395593,0.718731583933174,0.6353194218347091,0.5839355268097861,0.40831639065759384,0.2841937080637827,0.15727087698129244,0.08074847954189039,0.08074847954189039,0.014639672667629524,0.07744902175049156,0.10380534832315497,0.11399966608552177,0.10286204687162334,0.0,0.040400148236352,0.03165988522275134,0.03165988522275134,0.047396030033154464,0.047396030033154464,0.1013419144236208,0.13616349496642674,0.13616349496642674,0.13616349496642674,0.16872389114972233,0.17023075440617363,0.1671419245801321,0.1671419245801321,0.1583981066163049,0.1583981066163049,0.15016871322104305,0.15016871322104305,0.1431211542192884,0.1431211542192884,0.11522999233216977,0.10864856615489413,0.10245105073253394,0.10245105073253394,0.04892289531745607,0.04892289531745607,0.04892289531745607,0.04892289531745607,0.04892289531745607,0.04892289531745607,0.04892289531745607
265,1.0,0.8963146498156626,0.7889808018699037,0.6905119045415778,0.5901102353713721,0.45301214037875237,0.3395715264676877,0.2580485164081028,0.282012201104885,0.24788165666330922,0.22876756358551584,0.10896545899924584,0.024960785649476454,0.024960785649476454,0.06585229745250058,0.09967871358189721,0.11006810198768643,0.09545492209426926,0.10775081163254403,0.16039761924279142,0.1649443535463026,0.15819332384097837,0.19956411254411693,0.17388972513333906,0.17388972513333906,0.15336013847035387,0.15336013847035387,0.14154705089852154,0.15983026228517422,0.14111490655908723,0.1597900714239309,0.12842304703262208,0.12842304703262208,0.1254281099861885,0.11571281773399725,0.11571281773399725,0.11571281773399725,0.11571281773399725,0.07416701033204698,0.0195089772674796,0.0,0.0,0.0,0.0,0.0,0.0,0.0,0.0,0.0
266,1.0,0.8273309041191199,0.7353917904607192,0.6922245164715938,0.43250790648965404,0.3586248201235239,0.3154575461587923,0.3344106405029069,0.09933113069051684,0.04761573943319175,0.004448465444066759,0.0,0.0022183248217004514,0.0022183248217004514,0.0022183248217004514,0.025413341860155293,0.01593508245455284,0.024378622779111615,0.04350441203383684,0.04350441203383684,0.07677256764957203,0.07677256764957203,0.06931207303082557,0.09956764119239234,0.14379331890489583,0.1371318155518664,0.13410751963041975,0.12473047626080441,0.1412556433140423,0.16952489332720783,0.20189741616919976,0.21676027853376628,0.21061289529028368,0.1712878371280165,0.15948522541101517,0.15948522541101517,0.15342318249264061,0.15223084454751287,0.15223084454751287,0.13701647013856325,0.13148553209862357,0.13148553209862357,0.08658738871610573,0.08658738871610573,0.08658738871610573,0.08658738871610573,0.08658738871610573,0.08658738871610573,0.08658738871610573
267,1.0,0.8000508838852657,0.7631734322703929,0.6544358608876035,0.6235593919999123,0.5189512626913616,0.4948322471455472,0.3806236615771901,0.29658499887733164,0.1803679498947963,0.10300224137766523,0.04232179081382765,0.027049906837102736,0.05246436397233127,0.05057107868394402,0.04300816716532672,0.04300816716532672,0.0,0.0,0.040710957010617714,0.0553606678362155,0.05269391765212606,0.031972544216495494,0.06600456765178102,0.0825330908068724,0.09554616651216856,0.09554616651216856,0.10629718527705218,0.13393928519120551,0.13393928519120551,0.15872526597838812,0.17619934060159456,0.15845730503237035,0.15845730503237035,0.15845730503237035,0.15845730503237035,0.15845730503237035,0.15356808143645154,0.13462383680835377,0.11461199601153749,0.11461199601153749,0.11461199601153749,0.11461199601153749,0.08020118409757566,0.08020118409757566,0.08020118409757566,0.08020118409757566,0.08020118409757566,0.08020118409757566
268,1.0,0.9073644137055807,0.8607908870321708,0.7759496586059519,0.6684357973996464,0.5684514408283046,0.4863623700253805,0.4484854500184229,0.3157171858007641,0.31718228008000715,0.2761377446553511,0.2802410793028686,0.07787257091719468,0.0850338866450749,0.06953354419630081,0.06953354419630081,0.061910526391647125,0.07170759193355142,0.07170759193355142,0.06969321507456125,0.09009743321191259,0.09009743321191259,0.08262023886288958,0.0,0.022884010600116685,0.037197610056418216,0.0733462195108341,0.05702792180731658,0.10146432867663252,0.10516750147612725,0.10516750147612725,0.12161734516834848,0.12161734516834848,0.12161734516834848,0.12161734516834848,0.11775180607890297,0.1096781170065869,0.10727140445030768,0.10727140445030768,0.10727140445030768,0.09766702568817733,0.0794388902082471,0.03745063113039973,0.034924460783999904,0.034924460783999904,0.034924460783999904,0.034924460783999904,0.034924460783999904,0.034924460783999904
269,1.0,0.9915656801813075,0.9177486823977878,0.8988631305088032,0.8171569196690255,0.6194847750981461,0.47102574994373053,0.4843277643768488,0.5060870425627386,0.4310362884273043,0.3446009973770531,0.2845744935153002,0.2251176370814323,0.18695571993570276,0.18695571993570276,0.21178669121635815,0.15645591790800356,0.1747697667232968,0.23203875564502704,0.2304121270577464,0.21968118036966064,0.21968118036966064,0.22041772555369488,0.18306247717607296,0.19510727575124726,0.18861546233746776,0.16118551536602194,0.16118551536602194,0.16118551536602194,0.14695335762856843,0.16425537163206747,0.12098171309911826,0.11554713481048422,0.11554713481048422,0.11028560655127352,0.11028560655127352,0.09337127275046696,0.03927127220108742,0.01725455271638252,0.01725455271638252,0.01725455271638252,0.0,0.0,0.0,0.0,0.0,0.0,0.0,0.0
270,1.0,0.9042784428005803,0.8733024335412515,0.7471492516523462,0.6981795671031108,0.5889729801802269,0.40304023254458055,0.3631804327188608,0.34475270057057367,0.31019201552386283,0.20370850659557804,0.10748722637398658,0.11235115164669736,0.12696266166653764,0.12696266166653764,0.13381124472718614,0.13381124472718614,0.11213595966940618,0.12758471424650986,0.12533316426380686,0.11882098943534994,0.11333960656093993,0.09008270894227578,0.09008270894227578,0.07030157806697694,0.10772005960979979,0.10772005960979979,0.1213725006445573,0.1213725006445573,0.11844663377645656,0.13234583983494763,0.12428356854324205,0.11963899383288688,0.10523810966885819,0.10353217408009278,0.10353217408009278,0.08817060045808597,0.08817060045808597,0.08034296926881597,0.03266798246642567,0.015914783486521818,0.015914783486521818,0.015914783486521818,0.0,0.0,0.0,0.0,0.0,0.0
271,1.0,0.9027779720424769,0.7203439133736477,0.5968744783193743,0.5699034424106371,0.5071141343375216,0.47714780643404375,0.42433894091767194,0.42596780563774655,0.2875537560514887,0.2656526326394037,0.22004411798057258,0.015252136697102679,0.015252136697102679,0.015252136697102679,0.038113506281085924,0.07947575283189491,0.10929416780566215,0.10929416780566215,0.0712157626142104,0.07846007312703397,0.08653341321377142,0.08653341321377142,0.12377144477568448,0.14585580907451692,0.1554095231117085,0.17111686005178856,0.17853087666160414,0.17267027707951577,0.13245102809855436,0.15285313977566214,0.10853922521633155,0.10853922521633155,0.07951497073336447,0.07951497073336447,0.061800030509078945,0.026256446981321437,0.018800821270796634,0.018800821270796634,0.018800821270796634,0.018800821270796634,0.018800821270796634,0.01346188775687772,0.0,0.0,0.0,0.0,0.0,0.0
272,1.0,0.8374241666244634,0.7687392180207447,0.6291775204987281,0.4834604009877964,0.4613523530745559,0.4367493108828584,0.4281330049166515,0.38176043067058796,0.3738709560377258,0.20605964816611896,0.06868975091792817,4.802294802852558e-06,0.02367225497502762,0.0,0.02234575873957149,0.0352260658637636,0.024824359001575824,0.016888689911611986,0.016753104251163196,0.030214684020636984,0.06944621991913957,0.06792574049611884,0.09567576341878017,0.10209634485572212,0.10209634485572212,0.13795241249340712,0.13795241249340712,0.16586844907216824,0.18998456117293677,0.1420846161147768,0.11328069059222567,0.11328069059222567,0.10250054748530642,0.10122352660460149,0.10122352660460149,0.09511987738495384,0.09511987738495384,0.09180345500022284,0.09180345500022284,0.05297868561558404,0.03568685300803953,0.03568685300803953,0.03568685300803953,0.03568685300803953,0.03568685300803953,0.03568685300803953,0.03568685300803953,0.03568685300803953
273,1.0,0.9707765747694949,0.8620669206089853,0.7097480896159063,0.6705239766555946,0.639566046268291,0.5984862810007452,0.5111567187114702,0.3679585280299178,0.32687876276237193,0.30696092268851627,0.1643190610701837,0.0,0.0,0.009100407171349809,0.04244227094856793,0.029255102945826318,0.04775338121207173,0.0518389743654501,0.12226526777148217,0.11478632441749978,0.10288369762178137,0.11689765204676185,0.11689765204676185,0.09462356664800445,0.12856821000863927,0.16285009269200626,0.15170930982531505,0.15092238821936996,0.18096696953543423,0.1746648621541992,0.1746648621541992,0.15948874923002088,0.143313739858271,0.143313739858271,0.143313739858271,0.116367674493357,0.116367674493357,0.105030802244337,0.09082095977002834,0.09082095977002834,0.07931599152740447,0.07931599152740447,0.07931599152740447,0.07931599152740447,0.07931599152740447,0.07931599152740447,0.07931599152740447,0.07931599152740447
274,1.0,0.9234369827407658,0.7934581864336122,0.8123962057543875,0.7756777458200571,0.6925007635569831,0.6193288021854483,0.5388778399272814,0.5006699358007002,0.5006699358007002,0.3852582587153488,0.32062557682003967,0.08077029058161056,0.0740787203662919,0.051197777167682146,0.01884607473565351,0.0,0.003433720580205195,0.05392856741906513,0.07440100420375534,0.0649741231803676,0.0649741231803676,0.04902547793510402,0.10704675716713372,0.10704675716713372,0.1265177603187954,0.10976398811112524,0.14355988043697504,0.18116545933206213,0.1635676755513414,0.17755529119640823,0.17755529119640823,0.16917150532004122,0.16917150532004122,0.16917150532004122,0.13524562925420716,0.13332392971678345,0.13332392971678345,0.13332392971678345,0.13332392971678345,0.10640252931709862,0.10640252931709862,0.10640252931709862,0.061161084600451804,0.061161084600451804,0.061161084600451804,0.061161084600451804,0.061161084600451804,0.061161084600451804
275,1.0,0.8664633854931726,0.8108612677288692,0.7563358132515429,0.6909977901710646,0.6762362678927374,0.6389429148574504,0.5811120803366102,0.5596567906875934,0.4675011769297943,0.48838899829756344,0.4605879394154118,0.4394442244472251,0.41152277866074927,0.41152277866074927,0.39844588103231143,0.38440538126869805,0.3798527690311671,0.3997709396404126,0.3997709396404126,0.3734982571812592,0.3506541731299035,0.38978235915501264,0.11370443838958527,0.09833428262776298,0.09833428262776298,0.10090133621444948,0.0864360220320497,0.0921391685801335,0.08991263131275347,0.05959594512441452,0.06536952445856115,0.06420752885409639,0.03961635578030912,0.03961635578030912,0.03699807593414219,0.034402173934296586,0.034402173934296586,0.030599012588355314,0.030599012588355314,0.0,0.0,0.0,0.0,0.0,0.0,0.0,0.0,0.0
276,1.0,0.8982108382441321,0.8008666183435109,0.7067094019012075,0.6245410651470954,0.5946360269111972,0.513584030708936,0.49846452208381037,0.5071364320023282,0.3872142235894112,0.2989703032461999,0.16899769524532393,0.12356898630802608,0.10824984296245951,0.08070886215812151,0.06850978173229658,0.07384048132252782,0.06507839408296873,0.08266203781677854,0.07536255784094957,0.07536255784094957,0.05623722887033841,0.08456497599046836,0.0753875583511709,0.0753875583511709,0.10832241090490101,0.10046586297022618,0.12429916099980329,0.10611497933500907,0.13108912496840702,0.11039015385977985,0.07739455358558656,0.053771043658604176,0.053771043658604176,0.05163690029550248,0.010451847829344097,0.010451847829344097,0.010451847829344097,0.010451847829344097,0.010451847829344097,0.008329955050263503,0.008329955050263503,0.0,0.0,0.0,0.0,0.0,0.0,0.0
277,1.0,1.0,0.8828244271496067,0.7531456876834368,0.6079398198992064,0.39941214413688464,0.34222193188983313,0.3059204649468528,0.2354488047781326,0.23074408519644227,0.1889659577046722,0.12229388264235413,0.06951220850633291,0.026897246908713524,0.026897246908713524,0.034884231456496856,0.06639684965553673,0.06741816353563251,0.10569306854129688,0.1356975719547128,0.1878154992290412,0.17935392829820887,0.1403698689863999,0.1403698689863999,0.09527366312179802,0.11242863102211442,0.12161372029073965,0.12161372029073965,0.12161372029073965,0.1390163401424091,0.16210255510262297,0.14947245912789459,0.14947245912789459,0.14947245912789459,0.11526213130803224,0.10967664422596624,0.10967664422596624,0.059409119388602896,0.059409119388602896,0.04496819106142924,0.033847672779058605,0.025818040846520725,0.016574005056347388,0.0,0.0,0.0,0.0,0.0,0.0
278,1.0,0.8835461171106516,0.8474472817541522,0.7951066240303067,0.7587850324434905,0.605672951296813,0.39878254462820073,0.412001342132299,0.35670057712788233,0.26998343280423104,0.23367763985561046,0.19735604826879413,0.11502945899194096,0.13106550338236445,0.13106550338236445,0.12322786633580605,0.12322786633580605,0.10336344367022034,0.10336344367022034,0.09861412986146478,0.11233752718669178,0.09719574280178254,0.08211150222365778,0.10091077784365782,0.10091077784365782,0.08687732256246776,0.0845834600075763,0.04797431361389802,0.11585035604248735,0.07652188360018962,0.11535730235458168,0.11535730235458168,0.11535730235458168,0.10785171538791782,0.10785171538791782,0.10182606683743488,0.10182606683743488,0.04298781911828497,0.04298781911828497,0.03545671176066159,0.03370250474026412,0.012720556897577937,0.004648343516070596,0.0,0.0,0.0,0.0,0.0,0.0
279,1.0,0.8538321137296517,0.8054202141271032,0.7321725809666433,0.6923417387481261,0.6788697223351304,0.6615121528767683,0.5744501601335826,0.4460281381821664,0.4049810625756315,0.39465879423142297,0.34043843611162233,0.20889999760634098,0.2313822749264275,0.2586532893270611,0.2424023342866141,0.19356673918492323,0.2127182785721619,0.205704618729933,0.19219460053242773,0.1976478838633218,0.18204108034936972,0.18074368370452246,0.1942213433147436,0.1942213433147436,0.20491026935327414,0.14777174639343554,0.13685217754081003,0.1314030153435881,0.12281227948328063,0.12281227948328063,0.12281227948328063,0.11279695598043954,0.0871910154445221,0.0871910154445221,0.0871910154445221,0.0871910154445221,0.08644219597539207,0.08644219597539207,0.039811181430500754,0.039811181430500754,0.039811181430500754,0.0,0.0,0.0,0.0,0.0,0.0,0.0
280,1.0,0.8541472340841759,0.8139820346177815,0.7774180371050695,0.8080097917729829,0.6594339003563824,0.5982565421717277,0.5091110073204242,0.5130533064897749,0.4297413298415813,0.3060218064462845,0.1889174387120712,0.11660260724691876,0.13731418510741078,0.13731418510741078,0.1638958103697881,0.17801607189483382,0.17801607189483382,0.17801607189483382,0.18587809992774998,0.20685035452545675,0.18651329240869233,0.14424712304142603,0.13736047705216198,0.1645444098387696,0.14422211594684037,0.12778162919352323,0.12778162919352323,0.12196075448399558,0.14002394570867358,0.12183617726469134,0.06897805198644445,0.045759840503750905,0.020397858338483055,0.020397858338483055,0.020397858338483055,0.011564125521231575,0.011564125521231575,0.0,0.0,0.0,0.0,0.0,0.0,0.0,0.0,0.0,0.0,0.0
281,1.0,0.9121353856867666,0.7726373320350024,0.6388514683446535,0.6388514683446535,0.6161972927905204,0.49225371011993346,0.4193084219692195,0.39783712260653237,0.2920764998464206,0.2561842575548863,0.19323034423561364,0.194365732533239,0.2188595192033599,0.24039655108260297,0.2523549992989805,0.2548147680054788,0.26530677567269423,0.24156065604465354,0.2496917808655499,0.2581796880612864,0.2466392771185659,0.26365559012928624,0.26365559012928624,0.25086836043178823,0.2337226187439395,0.24171408914992898,0.25032161021902716,0.14437786156913324,0.17301158106458026,0.17060952353784364,0.1374361627951818,0.0892902442281164,0.0754261245653374,0.06216208522878032,0.06216208522878032,0.05986281903500311,0.04177881040873111,0.04177881040873111,0.04177881040873111,0.03153288739281884,0.005733826467357064,0.0,0.0,0.0,0.0,0.0,0.0,0.0
282,1.0,0.9054748052227826,0.7961029443338993,0.798948042624674,0.7228279787636788,0.5392265532014803,0.472197866538271,0.41373350632593037,0.33870865007943235,0.24594951792385372,0.22645394318676987,0.1662527565449014,0.0,0.03666963536057422,0.09922582263019204,0.1301084622859869,0.1406043820316251,0.163117769202994,0.1356961918019352,0.10170301731631155,0.13234823125487527,0.13768372994273761,0.17347259129106715,0.17347259129106715,0.1865909113057844,0.1865909113057844,0.16359528751899324,0.15869954887674392,0.1959436376166355,0.17807258558914837,0.17807258558914837,0.17679474981551196,0.161117577665525,0.161117577665525,0.13830291419232996,0.12248455271523162,0.12248455271523162,0.11488162823424217,0.08741475640070911,0.06486522246871007,0.052798985357644886,0.033264984815968075,0.033264984815968075,0.027336892397798816,0.027336892397798816,0.027336892397798816,0.027336892397798816,0.027336892397798816,0.027336892397798816
283,1.0,0.9160502208508978,0.9120336105505784,0.7940903376236563,0.6926479801272682,0.6026590831479286,0.5488424342311952,0.42534343745639625,0.37945089150219813,0.332624822563264,0.26327772036777913,0.1663790667687667,0.1757122532048331,0.16268367791545732,0.19542918263951223,0.19518644471083962,0.2272473632761901,0.2272473632761901,0.24825657112114743,0.24825657112114743,0.264034187300837,0.23543197998287702,0.14739595982181264,0.14739595982181264,0.14133341643949446,0.15093036232814505,0.15093036232814505,0.1396020310124357,0.1396020310124357,0.09251385805399456,0.07000101174140479,0.059515036522966094,0.05834542550492892,0.0444135425542899,0.0444135425542899,0.03354448056548706,0.030097932883575068,0.030097932883575068,0.01907623339379022,0.01907623339379022,0.01907623339379022,0.006219078890022566,0.0,0.0,0.0,0.0,0.0,0.0,0.0
284,1.0,0.9517541213793603,0.8507977424324206,0.8025518637845173,0.9024942935010954,0.796854605273796,0.695686085616628,0.5243263367946203,0.2854370854984029,0.2854370854984029,0.1444291871397595,0.13124585905314967,0.09459487378119946,0.09116540049390605,0.10059307914737697,0.09593373891837087,0.10878837583099138,0.13196671740369323,0.10371479501897822,0.10371479501897822,0.18917600761498055,0.211757554350996,0.211757554350996,0.20857314495438573,0.19272289516991584,0.14341802360452452,0.1571894660946492,0.1540260610136695,0.1790867239016229,0.1790867239016229,0.1790867239016229,0.21416946785722457,0.21416946785722457,0.20362756052689995,0.14528304153530344,0.14528304153530344,0.14528304153530344,0.08124550963240564,0.03872571044832577,0.028931867430262184,0.026669501225418203,0.026669501225418203,0.010239539003602248,0.0,0.0,0.0,0.0,0.0,0.0
285,1.0,0.9651410935282301,0.9552823617041427,0.8954135723073611,0.7864998347537417,0.7023983859363673,0.6740693073916095,0.6460354911666761,0.48630484446128225,0.27707557677506744,0.2781235711053379,0.24045343741487937,0.18383310800122207,0.17324537787941896,0.17324537787941896,0.16973607462445825,0.16973607462445825,0.13359918955639422,0.13359918955639422,0.08097450816590726,0.0788270004861815,0.08728277395706786,0.06850163444703336,0.10104696657611235,0.07511291802642314,0.06699987133209954,0.07509743806000202,0.07509743806000202,0.0700796664061843,0.058082330941290644,0.058082330941290644,0.058082330941290644,0.05136933578763916,0.05136933578763916,0.03304145259976727,0.03304145259976727,0.03304145259976727,0.03304145259976727,0.03304145259976727,0.03304145259976727,0.024844695442459885,0.0066835084132708745,0.0,0.0,0.0,0.0,0.0,0.0,0.0
286,1.0,0.6917304156836881,0.5300519623928628,0.5578426420580525,0.5419924028266332,0.49729147061326384,0.4092144465388869,0.4074804056879052,0.4109246054053689,0.4147107273242803,0.2825951912288904,0.14373295633937838,0.055655932247581405,0.061402369368578326,0.07539292375646772,0.07045880889363486,0.023747720429580087,0.03425942885896422,0.018447502421115262,0.00339923048758933,0.014575143786634609,0.049875388802755535,0.005648847564898896,0.01683677343998308,0.0,0.0698981035441575,0.058360292620329594,0.10803161772121209,0.13241175283522136,0.14722443685032152,0.17759590636290007,0.13344735144373723,0.12852040342094664,0.10772914142262441,0.10772914142262441,0.08855061769382973,0.07104096836878021,0.06649288490899859,0.061166009697272296,0.05262426472292753,0.05262426472292753,0.05010703728597385,0.034158065392571595,0.034158065392571595,0.034158065392571595,0.034158065392571595,0.034158065392571595,0.034158065392571595,0.034158065392571595
287,1.0,0.9193364319652813,0.8367355965609177,0.7292646730549969,0.6754889609832302,0.6277654478479701,0.5017592341123792,0.4659660518683281,0.5042025440945067,0.4032835070350356,0.3390942048103294,0.25843063674978106,0.24539382261974374,0.25290744476622923,0.23093629936075366,0.25794077070461874,0.2676371614780842,0.30240101314167667,0.31340391633222797,0.3085683004271834,0.26959265681676714,0.2878480756262657,0.2595454323387697,0.12422996525807553,0.13325500277669425,0.1463802768479059,0.14659091037294608,0.15852923495035634,0.18602395487567755,0.17201499660693176,0.10419540651771496,0.10419540651771496,0.10023252623332907,0.0992420229157564,0.09380603485184,0.08009414653172983,0.052692814382560155,0.047412325057393415,0.047412325057393415,0.024066885260373667,0.021600352114556725,0.008062005943024635,0.0,0.0,0.0,0.0,0.0,0.0,0.0
288,1.0,0.9395339094409162,0.8877397336308261,0.7896288512807828,0.6625725037593639,0.6467843757771753,0.6467843757771753,0.5813771208155446,0.5065656146779485,0.3200835466663734,0.2969412623342398,0.20488050271439426,0.1585142966475316,0.1585142966475316,0.180898642579334,0.13075216793685496,0.13023255275306692,0.13023255275306692,0.13486779425560458,0.14233171645215945,0.14966637603353247,0.14966637603353247,0.14094791171584417,0.1452206866869881,0.16512978024865027,0.14482911898704304,0.1547858117876061,0.19481405571732585,0.15240421884205982,0.11529469820593187,0.08352263908962931,0.08352263908962931,0.08352263908962931,0.08352263908962931,0.08352263908962931,0.08352263908962931,0.08352263908962931,0.08352263908962931,0.08352263908962931,0.05917999025250891,0.05707067053404316,0.050802611006890964,0.0,0.0,0.0,0.0,0.0,0.0,0.0
289,1.0,0.9417287384810592,0.8653012993753306,0.8060065900224624,0.7228577598839477,0.6419348733605781,0.6006934767961412,0.5122612867579704,0.5250230048271138,0.39516024351463663,0.36220365817704103,0.30347056735560174,0.17121493098489834,0.15340690118445205,0.15286899613722515,0.16619748341687107,0.15361794926306166,0.13742293846862913,0.13742293846862913,0.13742293846862913,0.13370315423647897,0.15409909935356478,0.06504110157600805,0.04426106279437338,0.0829516361197754,0.07265163986602674,0.07265163986602674,0.07265163986602674,0.08401151526970474,0.10679026161634811,0.10679026161634811,0.10679026161634811,0.10511065490615072,0.10511065490615072,0.10511065490615072,0.10511065490615072,0.08959810842497673,0.0882656043814154,0.07339619442024939,0.05403029734693096,0.04661089363045374,0.03319150481857152,0.021432076153868544,0.0,0.0,0.0,0.0,0.0,0.0
290,1.0,0.8186109211773032,0.65990938209068,0.6752261188045682,0.5696304867454838,0.47108586288056453,0.3807990572738678,0.27594304884973087,0.2616200723869855,0.174709908361656,0.13577438868672118,0.10598036266057483,0.059120691766308096,0.08834419210224702,0.08449197086558004,0.06792820692077155,0.07669659894307358,0.055402608638672704,0.04537917183501135,0.06189493394722109,0.05172602293838602,0.06372243347624357,0.07990128882915527,0.11067271973412002,0.12501708294211417,0.1412508556504481,0.14509503537003499,0.14509503537003499,0.14509503537003499,0.15625062044083304,0.16917108618513926,0.16917108618513926,0.1559836434994282,0.1559836434994282,0.11765296211162626,0.11765296211162626,0.10593751745453296,0.10593751745453296,0.10593751745453296,0.10593751745453296,0.03284610854410446,0.03284610854410446,0.02117175300623066,0.0,0.0,0.0,0.0,0.0,0.0
291,1.0,0.8809709605419811,0.8651857619648334,0.6895148993830412,0.6110177934312662,0.566032768973829,0.4315110898999302,0.4237459906843383,0.372865730294043,0.2850302990189471,0.16004789033970726,0.10584549377155945,0.04558327267040736,0.04558327267040736,0.08726190015007636,0.1172196069539909,0.13257196314004763,0.12404916354374844,0.09332756104227562,0.09453981389096064,0.09453981389096064,0.12497379566154201,0.12497379566154201,0.1213179794054507,0.12734450488756088,0.11045474650004797,0.11045474650004797,0.12268538576386277,0.11475618607571994,0.08171858795956863,0.09050772545460167,0.0797368672055973,0.0797368672055973,0.0797368672055973,0.0797368672055973,0.06704068107942475,0.06704068107942475,0.058990595695411215,0.058990595695411215,0.058990595695411215,0.058990595695411215,0.03843139422876257,0.01866108354028643,0.0,0.0,0.0,0.0,0.0,0.0
292,1.0,0.9855045629388285,0.8634571555573772,0.8176399459776159,0.8049475506562032,0.7136819491121918,0.5044101801168704,0.5671222017987773,0.4480472086607395,0.430303714074886,0.2832337746406449,0.14067652225583954,0.04706808391732533,0.0330408321642491,0.017010254703989577,0.05136290472100945,0.062190011783102454,0.07018516846599927,0.08406642374296852,0.08556785100885822,0.08556785100885822,0.06808580442415461,0.11734199981733405,0.08187526290634167,0.08338833922572368,0.08338833922572368,0.10568678480497277,0.1291543278983034,0.1291543278983034,0.09782398848533122,0.12202060975662805,0.10510580193720652,0.0991925584832713,0.0972454947107544,0.07181979845059852,0.031761327520461256,0.031761327520461256,0.022092980520954663,0.013286082934419834,0.013286082934419834,0.013286082934419834,0.0,0.0,0.0,0.0,0.0,0.0,0.0,0.0
293,1.0,0.9152542867393143,0.8579673157085748,0.7393532981959303,0.683159414582428,0.6502579339987603,0.5227162133995844,0.3965518468334411,0.20595716128955108,0.18017038757097448,0.1641325996890162,0.10530924159389121,0.07144124196512996,0.09326234127157487,0.09865051665526982,0.10680748340934101,0.10680748340934101,0.046625176309411244,0.046625176309411244,0.06270009913770398,0.04841324297814404,0.04633661252914332,0.028785791743744748,0.06810420945831963,0.05108474386886785,0.09223436629250639,0.09223436629250639,0.09223436629250639,0.09615141771510113,0.10508045604483067,0.08516369211887016,0.11079095819883383,0.10447696601712249,0.10447696601712249,0.07625262593005867,0.04703356864525087,0.015344729245772204,0.015344729245772204,0.015344729245772204,0.009518990722480424,0.009518990722480424,0.00686685226194028,0.0,0.0,0.0,0.0,0.0,0.0,0.0
294,1.0,0.8989016588035118,0.8570829416621188,0.791637963135502,0.7772348389206133,0.6680334532328108,0.6321083792720431,0.6067465096045002,0.5065711917248362,0.3876202852500148,0.17852669950760328,0.06965643090458955,0.04465346320223117,0.034132595584196235,0.034132595584196235,0.07006576840736765,0.04974758642741155,0.05955192391526885,0.07835258385116085,0.12349856577875946,0.11204981271669202,0.11204981271669202,0.11204981271669202,0.14316381761922767,0.140522132288896,0.11184981348644554,0.06727509762912631,0.06727509762912631,0.11080645360884607,0.11080645360884607,0.13171004496250915,0.12009381055851392,0.12009381055851392,0.09348129976875533,0.09348129976875533,0.09348129976875533,0.09060648594397507,0.09060648594397507,0.04292214360899274,0.04292214360899274,0.04292214360899274,0.031245337563607905,0.019098852512598852,0.0,0.0,0.0,0.0,0.0,0.0
295,1.0,0.9805008305194696,0.9198121534793348,0.9404693453398887,0.7655029478552137,0.6242590269128737,0.5633071356025088,0.5446683871110503,0.5259161373542878,0.4337317861603746,0.3098148561750618,0.23242300526239157,0.20551229617610958,0.20093722385805637,0.22214342181288257,0.20038207553518395,0.20038207553518395,0.19990215381031198,0.12606423154151142,0.14498771406172978,0.13555198808739904,0.15286285769850322,0.1348568062059168,0.15271790550760223,0.12344477304136976,0.1353655868466687,0.14842536309611534,0.11542366848205338,0.11141596151307773,0.10959006100410221,0.07834816773236146,0.07384510284228729,0.07384510284228729,0.07170346969343498,0.04802262791346088,0.04802262791346088,0.04802262791346088,0.03666568627542333,0.029783095930521135,0.029783095930521135,0.029783095930521135,0.02255949272059429,0.0018031920728837753,0.0,0.0,0.0,0.0,0.0,0.0
296,1.0,0.8603303731189185,0.801635902233533,0.7428451175882138,0.7034409704281063,0.6913491082702449,0.48839870098448557,0.4584272671325593,0.3635317606600671,0.21199719664207994,0.25371398562047964,0.1387887740098769,0.0,0.01724993183061086,0.08697310160189087,0.1012503164019235,0.09101269860706408,0.06956101157105582,0.09911803302544536,0.17254741823981437,0.17092200683778364,0.1921715436122692,0.18443950364041123,0.20509876592976015,0.23798082497638115,0.21056336757949298,0.20736105592822549,0.22264102126937355,0.2188140175221856,0.22485984865212766,0.22485984865212766,0.21768192436433356,0.19399751034972393,0.15657082208524845,0.15657082208524845,0.15657082208524845,0.15657082208524845,0.15657082208524845,0.14734693095503745,0.14734693095503745,0.14734693095503745,0.14734693095503745,0.1419812443450491,0.10880586623992816,0.10880586623992816,0.10880586623992816,0.10880586623992816,0.10880586623992816,0.10880586623992816
297,1.0,0.8828782085389555,0.8293889934583165,0.7520134920296303,0.7050463661016086,0.5849661973612568,0.5890500145227306,0.4496297981804537,0.3809114249162365,0.34152997261355117,0.33726187794556733,0.2795832512002642,0.14214650469260448,0.14074282257453488,0.13699438787242335,0.125324241846863,0.15168791678401716,0.18429117879926923,0.19943253880357723,0.1924628040357429,0.2092856558125341,0.2092856558125341,0.22472054065448033,0.1839509603764744,0.202823527388618,0.202823527388618,0.18798420494940649,0.18542448063194808,0.17281930438728874,0.1331402784367648,0.148510214683287,0.13662953969944766,0.13662953969944766,0.1330521122750944,0.1330521122750944,0.12770498614609874,0.12554017360211916,0.06725962214955626,0.06725962214955626,0.04873224209632581,0.04873224209632581,0.04380412425611597,0.02207152729890317,0.0,0.0,0.0,0.0,0.0,0.0
298,1.0,0.8889164861463771,0.7922073833351414,0.6357951085163343,0.557588971104721,0.48464853950465125,0.429042465231546,0.326187014382523,0.3006913524545452,0.29033793778408795,0.14555307136830814,0.12948444637380144,0.0,0.019197561395348128,0.02175001477384774,0.02175001477384774,0.03907524757712849,0.016978933831769256,0.07613410462209012,0.0743498303826896,0.0652897909309959,0.07427511528661855,0.07813489916929182,0.072270019544111,0.07063747610053923,0.08003684859673925,0.07341755797160915,0.06588625008089659,0.06315609383548536,0.09146298872988462,0.12131706844421691,0.12131706844421691,0.12131706844421691,0.11331376583741906,0.11331376583741906,0.09437788846950426,0.09437788846950426,0.09437788846950426,0.09045705577270624,0.07718379942328799,0.044703493158521984,0.044703493158521984,0.04071037150100684,0.01578743478579573,0.01578743478579573,0.01578743478579573,0.01578743478579573,0.01578743478579573,0.01578743478579573
299,1.0,0.859391692216721,0.7700440928461573,0.6208326320978759,0.5979947173239376,0.5082540261021584,0.5253029594451508,0.5151467722586558,0.45224368679530896,0.34120749707023884,0.32464834574627494,0.25235385532395993,0.07150489929511664,0.07150489929511664,0.07704905170817497,0.12137706611610372,0.1497828779044002,0.08577066956489865,0.08855553544373967,0.08646027499342776,0.07891919205877848,0.1174749568527568,0.12663918506807967,0.17516989506673206,0.17516989506673206,0.1373637972042713,0.15594906861244826,0.13295283696140223,0.13295283696140223,0.1088950961303023,0.12408345835096629,0.1630352481869326,0.13325077316699718,0.13325077316699718,0.13325077316699718,0.10801195279461712,0.10537812376200972,0.030974393195876606,0.01473272996606006,0.007277195901331185,0.007277195901331185,0.0,0.0,0.0,0.0,0.0,0.0,0.0,0.0
300,1.0,0.8891418685674914,0.8624962445206347,0.7965752946889989,0.7141458925928355,0.6623046651793985,0.562964496487145,0.48222918856947167,0.44527647810588983,0.2889072988422076,0.17603745570101806,0.036099077528793294,0.00483215260210912,0.00483215260210912,0.0,0.0,0.02579566457763408,0.08064408157488509,0.08064408157488509,0.07628862907607603,0.07660456064183545,0.07660456064183545,0.0637637452740463,0.07094886301697043,0.08107371817461553,0.09620107222712955,0.07566095055433238,0.07817190174362869,0.10961877045141133,0.13303354277172008,0.11300377470960395,0.11513646316783005,0.11513646316783005,0.10508404954121738,0.10508404954121738,0.0862394291813003,0.062097776272043596,0.062097776272043596,0.062097776272043596,0.05523454033033649,0.05523454033033649,0.04180078930624399,0.03480920941616992,0.027235433364992873,0.027235433364992873,0.027235433364992873,0.027235433364992873,0.027235433364992873,0.027235433364992873
301,1.0,0.8814418049969491,0.8227872856316306,0.7327137024529733,0.6817786081473942,0.6475892949692786,0.5792106686014543,0.5128282846956288,0.29358632585309236,0.19101838632067614,0.06676056806086303,0.03528638850021462,0.016100045869397527,0.016100045869397527,0.023440028571885766,0.006256842601375155,0.006256842601375155,0.049909707313181936,0.08961668114723606,0.09687790252063726,0.09687790252063726,0.08118056607202502,0.10954612011449036,0.11032785483853066,0.11032785483853066,0.10199249083461569,0.10996416026407463,0.12479171978907547,0.1299591594198437,0.12535102287352437,0.16490981045341452,0.16490981045341452,0.1601407832595925,0.1601407832595925,0.15543860099257437,0.14696178063313559,0.12355574406400333,0.09682814339379552,0.09682814339379552,0.061836549340960854,0.02114860533317171,0.010091376574733578,0.010091376574733578,0.0,0.0,0.0,0.0,0.0,0.0
302,1.0,0.8681610960986847,0.8859754958836644,0.7514043011896366,0.7077272830915498,0.6369357415795794,0.5449072041177718,0.5066326768034836,0.44796407409190553,0.4508030837671812,0.17455434117195845,0.10043024122504039,0.02844981989102919,0.025192127170757125,0.03579947345137946,0.018870611046772047,0.018870611046772047,0.018870611046772047,0.01707281816829837,0.0,0.02219902917134102,0.04358510541636426,0.04117066536954971,0.09095939815621104,0.1068977321612737,0.1068977321612737,0.06242968559527791,0.05266918380671602,0.05266918380671602,0.04492660492360954,0.08062293595809145,0.10840371288393583,0.10539454659656276,0.10539454659656276,0.0889421628097594,0.07329033760969601,0.07329033760969601,0.07329033760969601,0.06759246041716362,0.04935781695265313,0.04935781695265313,0.04935781695265313,0.016635621309071025,0.010509193820590223,0.010509193820590223,0.010509193820590223,0.010509193820590223,0.010509193820590223,0.010509193820590223
303,1.0,0.973726409374514,0.973726409374514,0.8689854298937798,0.8171215536583407,0.6425532544974772,0.4518012230478954,0.43001728682667906,0.39181726146262286,0.3569036016225588,0.19122025214742347,0.12888854507271785,0.09054784067536596,0.03524998563808017,0.04446981619266908,0.053075080737020185,0.053075080737020185,0.0453508365243261,0.019201041610642,0.0,0.009660142518259411,0.01624447435222543,0.021778073228932382,0.021778073228932382,0.04003448653044402,0.047552584387964066,0.03827754522853623,0.05291983722387358,0.05291983722387358,0.03095822363358623,0.05573662000470918,0.05573662000470918,0.05260611686528227,0.05260611686528227,0.05260611686528227,0.05260611686528227,0.05260611686528227,0.05260611686528227,0.042565458682402024,0.005877647738241763,0.005877647738241763,0.005877647738241763,0.005877647738241763,0.0014586268630978204,0.0014586268630978204,0.0014586268630978204,0.0014586268630978204,0.0014586268630978204,0.0014586268630978204
304,1.0,0.867742171524028,0.7714130924130611,0.7077707682826967,0.6978652682329962,0.645325276938247,0.545161850116605,0.501976889250591,0.5268797200776322,0.3942721460020324,0.3050286637968804,0.25116292275778557,0.11177545493198798,0.11177545493198798,0.13243952154482927,0.12065406028084041,0.08611207867719345,0.08611207867719345,0.12204276625772258,0.14642934785242515,0.1580726016692276,0.1580726016692276,0.1580726016692276,0.18200070590211878,0.16206906934471388,0.1647979945801082,0.14002697819944795,0.11637053640723018,0.11637053640723018,0.10693610347816375,0.10693610347816375,0.08693263062868913,0.08256060931329165,0.08256060931329165,0.08256060931329165,0.049868908828227,0.049868908828227,0.04138784121594644,0.012844047878453701,0.009652969331581907,0.0026579072337670514,0.0026579072337670514,0.0026579072337670514,0.0,0.0,0.0,0.0,0.0,0.0
305,1.0,0.8551629022195383,0.7918851848364342,0.6243945797997896,0.5699324967450633,0.5149702627461705,0.4518476328400345,0.2913786702190491,0.2652122889271976,0.2926924663340171,0.13955657794465365,0.11400581426867094,0.0744495335968502,0.061549772964144676,0.061549772964144676,0.08352777201205606,0.11017916990577756,0.11817261370522093,0.11367237152356709,0.1215399733126312,0.11715426951360074,0.12694112162861254,0.07576756175387414,0.0965775107580747,0.11045622699889947,0.12527608143148658,0.12930557550609276,0.12930557550609276,0.12930557550609276,0.12261838055181881,0.125964271722474,0.15995844647241608,0.15573174955762187,0.15573174955762187,0.1188050502524245,0.1188050502524245,0.1108080056408721,0.09328167139920716,0.039054772263473626,0.015531226508119599,0.015531226508119599,0.015531226508119599,0.007871312039381335,0.0,0.0,0.0,0.0,0.0,0.0
306,1.0,0.8390798171489579,0.7687080568197554,0.7253495012418533,0.6189687703189305,0.6022541876136229,0.6256794268049272,0.5389623159921421,0.5389623159921421,0.3369800275568698,0.15772069619799442,0.09768412516146933,0.04432924861407164,0.04432924861407164,0.07286656348869357,0.04461859316642548,0.10135199975417261,0.09581836523247157,0.08089197143022706,0.09958663757011954,0.09444647150098784,0.06474580042124789,0.05370469220037623,0.07245349748296837,0.07791204895936442,0.12900276432134827,0.1294213598100386,0.1355003447778702,0.07933895892558752,0.11624671782318365,0.1131327940788879,0.1131327940788879,0.1131327940788879,0.09266255011064874,0.09266255011064874,0.09266255011064874,0.09266255011064874,0.09266255011064874,0.09266255011064874,0.08128383431494858,0.07456218501557114,0.05394724329205681,0.05394724329205681,0.0,0.0,0.0,0.0,0.0,0.0
307,1.0,0.9677647164503353,0.9392796072154794,0.8313851426134219,0.7951036761183095,0.7490035302035664,0.6767576586535999,0.6277315134794336,0.518962286925154,0.4384280433552611,0.300127605639686,0.22765186378192132,0.010218574282852505,0.010218574282852505,0.04673511424578538,0.0,0.0,0.03119045320384511,0.03119045320384511,0.08728446137866915,0.07675349492922917,0.09694151914163285,0.11246596492068692,0.06289827448010651,0.05780113104731016,0.09952585239408564,0.13120881884725755,0.1429857882443222,0.16651400354008541,0.1573914143147152,0.14160839281970825,0.1327061982966727,0.1327061982966727,0.1327061982966727,0.1327061982966727,0.1255318929983269,0.12236275377588,0.09197844348639275,0.09197844348639275,0.09197844348639275,0.0895974882294182,0.08535671967177287,0.08535671967177287,0.05534785701741373,0.05534785701741373,0.05534785701741373,0.05534785701741373,0.05534785701741373,0.05534785701741373
308,1.0,0.9239056917808466,0.8436375213680803,0.7905788472014431,0.7472184073085676,0.6486860868026816,0.6118082457046509,0.4804318183077901,0.41679218015129554,0.39657260386145005,0.3058817873009157,0.20130213851396567,0.1776048345825428,0.17296181087542242,0.17296181087542242,0.18367901539383574,0.17123701846891107,0.1468909401102492,0.1350053323274296,0.13082085326355392,0.16245573132039506,0.16543323653265762,0.14975427501093241,0.12599069011651992,0.10272195322478796,0.10272195322478796,0.10272195322478796,0.11289058786722685,0.10874600952190994,0.10187701235067241,0.06202441732889217,0.06202441732889217,0.06202441732889217,0.05287143001374674,0.05287143001374674,0.05139012639340974,0.05139012639340974,0.05139012639340974,0.05139012639340974,0.03659677108494375,0.03659677108494375,0.03659677108494375,0.03276457996559242,0.0,0.0,0.0,0.0,0.0,0.0
309,1.0,0.9205443184191571,0.8506702170380073,0.7868046990233714,0.5412526526997329,0.4221606394266494,0.413590426979112,0.413590426979112,0.41093636343853096,0.3665420136667129,0.27849526547801273,0.15570593469489577,0.06168607446341384,0.06168607446341384,0.06168607446341384,0.06756135986434089,0.06756135986434089,0.0685942386835283,0.09654109445268134,0.09654109445268134,0.0720222007965707,0.0720222007965707,0.06489409961923802,0.1082324404265114,0.07743862073250328,0.04083089606906293,0.06283592687478409,0.07198096114819526,0.08655077023458628,0.1268777090674219,0.11953239875922882,0.11953239875922882,0.11953239875922882,0.07688019055919303,0.05045098711193622,0.035236098492589865,0.035236098492589865,0.035236098492589865,0.035236098492589865,0.021560735538514696,0.016551407014229812,0.0,0.0,0.0,0.0,0.0,0.0,0.0,0.0
310,1.0,0.9164459258496145,0.7443991370646413,0.6045753370136988,0.4670944105702022,0.42937704217598166,0.39665159616092366,0.3398831404307116,0.2070309820519664,0.1470295845389779,0.08157869250017018,0.10265210694050479,0.07127865630180175,0.06525018982213343,0.06525018982213343,0.05360846839450086,0.05011159489612527,0.0,0.004191896766094013,0.004191896766094013,0.031719157500334584,0.043173742019484554,0.04911369479673482,0.08342110054499399,0.1005215309162992,0.1005215309162992,0.1262009820895825,0.13871344225963012,0.15001407968531127,0.1747364743922536,0.17323661558632805,0.17323661558632805,0.17323661558632805,0.15386458330306269,0.13266216022111116,0.13266216022111116,0.13266216022111116,0.13266216022111116,0.12778357529447654,0.10740693420581324,0.10740693420581324,0.10740693420581324,0.10740693420581324,0.10636201975376512,0.10636201975376512,0.10636201975376512,0.10636201975376512,0.10636201975376512,0.10636201975376512
311,1.0,0.9634197857029712,0.9603665869287547,0.8548439794514237,0.7477875568141313,0.6008026491269456,0.5246199756904837,0.6047599437726007,0.48152507800908495,0.4304525302945986,0.3233961076034647,0.22125513524222684,0.19819056430045323,0.19056474526694256,0.2055448000568746,0.22028886463684688,0.22028886463684688,0.240208742351313,0.15364397625954043,0.15364397625954043,0.18746135145453696,0.17563276375180228,0.19102222289379833,0.1808189357054404,0.16844326292356063,0.20086756884330176,0.15952096274320016,0.11695902387882808,0.11695902387882808,0.10284642514208198,0.1056705179078486,0.0965581400588806,0.08840295148906485,0.08840295148906485,0.08840295148906485,0.08840295148906485,0.07051288584784708,0.07051288584784708,0.04300311076393154,0.04300311076393154,0.017444771143780475,0.017444771143780475,0.0,0.0,0.0,0.0,0.0,0.0,0.0
312,1.0,0.8786220051942581,0.7893687258237375,0.7130109185359643,0.6418949255824518,0.547103984538954,0.5081769558242957,0.408493690205691,0.3933718931690946,0.3866890579024001,0.2072614357526963,0.033569743507575495,0.0,0.0,0.014884819550391259,0.05370072494830077,0.05370072494830077,0.07540238146108415,0.09631264324725541,0.10690703512343759,0.09999441990199236,0.08301782609290695,0.12103297501639995,0.13108447789382965,0.057109668894154815,0.04700508809168222,0.022578994890919166,0.04769685474550822,0.07450807751514793,0.07003952412495094,0.10284851747977035,0.10284851747977035,0.09790924457547183,0.09790924457547183,0.09264263716311039,0.09264263716311039,0.08319570915488463,0.07452537823407936,0.07452537823407936,0.07335236349569679,0.0630216191773477,0.04896860309109728,0.04896860309109728,0.033298857920236416,0.033298857920236416,0.033298857920236416,0.033298857920236416,0.033298857920236416,0.033298857920236416
313,1.0,0.9036818918769262,0.8295475303526159,0.7967716347533862,0.7417370775525861,0.6980799957557735,0.5535652227416467,0.503287815874345,0.3807508593327732,0.26614866513361346,0.15894555933455135,0.11576342373259867,0.0,0.0,0.0,0.009966316283159329,0.009966316283159329,0.032692952959231684,0.027683532942029538,0.05022813801063112,0.04913126238989452,0.05948283924963046,0.0533407998425377,0.0533407998425377,0.07539204849629269,0.07473896059409868,0.11464225606832913,0.12741819324158662,0.12741819324158662,0.1149338816876405,0.06948751313281351,0.08244279717967609,0.08244279717967609,0.07903021965676249,0.07903021965676249,0.07903021965676249,0.055020681357579856,0.055020681357579856,0.049831686215423984,0.049831686215423984,0.04448500918790947,0.04448500918790947,0.04096116440261218,0.04096116440261218,0.04096116440261218,0.04096116440261218,0.04096116440261218,0.04096116440261218,0.04096116440261218
314,1.0,0.9739568375920871,0.8748102688621258,0.8262545019785663,0.750665238347774,0.6693837734813908,0.5837591465811347,0.5642246729884319,0.4752313789862318,0.4474897770141537,0.32025022825161814,0.26712688100070736,0.13199704050308478,0.08342506456732451,0.12463298258564943,0.13000437435454643,0.13000437435454643,0.12786130154471728,0.13216275456662363,0.10515659361159685,0.09345842388241822,0.10808236667834825,0.12615918541820517,0.09021850598986293,0.08116498553433475,0.05339588771692823,0.07932803281919004,0.0915112021678071,0.08980499425814154,0.08966254835432337,0.0649896332985419,0.06744372115941855,0.06744372115941855,0.06744372115941855,0.06264753367393135,0.06264753367393135,0.06264753367393135,0.06264753367393135,0.06264753367393135,0.06264753367393135,0.004802728905008242,0.004802728905008242,0.004802728905008242,0.0,0.0,0.0,0.0,0.0,0.0
315,1.0,0.9760145912060704,0.8101025270207538,0.5955441698202258,0.6195317288436518,0.46852044791590486,0.5315764201416018,0.41142650751389437,0.4216188144466115,0.2510556659844669,0.1066392433115998,0.11050780747382008,0.07455912114943666,0.05387907969852379,0.12248504680038094,0.12248504680038094,0.13714554756808314,0.14834109777038987,0.14260060426618543,0.14260060426618543,0.13718838508343062,0.1727606318078451,0.1727606318078451,0.15545453905055823,0.1701695706721082,0.19338106904252989,0.20413466838864536,0.14877620223036772,0.1301697725985119,0.1456793606879409,0.10906428650643209,0.11202851361152005,0.10538913389355042,0.10538913389355042,0.10181848962659387,0.06634357871943657,0.05248375324730752,0.05248375324730752,0.04275815955995637,0.04151942677364848,0.0,0.0,0.0,0.0,0.0,0.0,0.0,0.0,0.0
316,1.0,0.9532689388978592,0.7968982356341922,0.575286526088855,0.45800849862508874,0.39653498759107086,0.35365282421289546,0.3935643658536535,0.31693950128144144,0.23501890003939074,0.2410403542713754,0.1579381656086744,0.09647960466772951,0.08194346440100353,0.04754116119004119,0.04754116119004119,0.04528768805269599,0.05068359154058055,0.04061969695244644,0.05718760108926157,0.08693321560831746,0.08693321560831746,0.0777678391622284,0.06831796331135696,0.064398253597214,0.07973324627763549,0.07973324627763549,0.021591552814929228,0.03582915785694356,0.062160429225037374,0.10181247275539163,0.0750137308612837,0.0750137308612837,0.0750137308612837,0.0623502406565844,0.05493168185390519,0.04291549350518826,0.04291549350518826,0.036478622702581905,0.036478622702581905,0.036478622702581905,0.024911053719653135,0.0,0.0,0.0,0.0,0.0,0.0,0.0
317,1.0,0.977285126290072,0.9784952620419691,0.9094839755524157,0.9079955885152681,0.8263445377192002,0.7418822880409786,0.5840993187908639,0.509861874446208,0.503478874804735,0.38192578215377965,0.25306952828685314,0.05445180645142517,0.01956674466207144,0.0,0.012779717568979707,0.027837553907142175,0.027837553907142175,0.03684100997427129,0.03684100997427129,0.05973611341496917,0.06610947184476913,0.08275660982416835,0.11049897691057213,0.12313722786773772,0.09462744014722718,0.11277894340877502,0.10866257802789757,0.10866257802789757,0.10326474933246918,0.11872358627882294,0.10153002314754515,0.09635237612996617,0.09635237612996617,0.09064459409281828,0.09064459409281828,0.07960993459699658,0.07960993459699658,0.07960993459699658,0.07960993459699658,0.07960993459699658,0.07311854748857799,0.06889460163651254,0.05357933607638645,0.05357933607638645,0.05357933607638645,0.05357933607638645,0.05357933607638645,0.05357933607638645
318,0.9963231412359755,1.0,0.8101746296420836,0.7331237158143983,0.7233540321630523,0.6878837453967277,0.6625453104254904,0.5215661254491618,0.3291815932279314,0.25495406499687456,0.23043060762401865,0.12389174559168453,0.03358249452837371,0.03358249452837371,0.03358249452837371,0.03091378556880759,0.025943321368277008,0.01728707621155122,0.0017778395191777679,0.0,0.02105929535765692,0.02105929535765692,0.031193689978835835,0.04900337865737809,0.08589677457167025,0.10733684600396891,0.10733684600396891,0.09899010023543248,0.09875536139914516,0.09875536139914516,0.11798187199940892,0.11236785577190446,0.11236785577190446,0.11236785577190446,0.11236785577190446,0.11236785577190446,0.11236785577190446,0.1082185773267994,0.10081930555161601,0.09796447274549105,0.08872479830579583,0.07882062890176644,0.06148105170616859,0.057106831425225386,0.057106831425225386,0.057106831425225386,0.057106831425225386,0.057106831425225386,0.057106831425225386
319,1.0,0.9618207182877886,0.8901724751752006,0.8095871260012365,0.724786875711897,0.47683451109115355,0.45753777117690353,0.3402660775883525,0.28129771109118196,0.24220714656240083,0.1186292094157497,0.1186292094157497,0.04044808035818815,0.07302208665961804,0.041079618781810996,0.07647678916464748,0.07162433843490264,0.07162433843490264,0.08231259407920273,0.09106228497006659,0.09106228497006659,0.10130657458594504,0.10130657458594504,0.11922079801537155,0.15852556551121885,0.1500284866511685,0.1500284866511685,0.14145466591281355,0.15684532565941203,0.14562621573087622,0.16377196510478334,0.15399386795736675,0.14481616777262454,0.13076017997985773,0.13076017997985773,0.08975676862736055,0.07941411952252903,0.07941411952252903,0.06862621133175464,0.06862621133175464,0.06862621133175464,0.058183631608811584,0.04664438087033485,0.0,0.0,0.0,0.0,0.0,0.0
320,1.0,0.9650705330468901,0.862863434960882,0.8287944022527113,0.766800068885665,0.6275092856807165,0.6515297811664501,0.6004703683256086,0.4963553714735012,0.4622018158559811,0.2955329578934882,0.22739489249254854,0.11204117109768487,0.10749157669500302,0.10752205950119992,0.12351505970446737,0.06794534978965469,0.06794534978965469,0.10371744432306221,0.10371744432306221,0.10371744432306221,0.097145771025325,0.097145771025325,0.05446974524253529,0.05446974524253529,0.053491880233345626,0.054833854632077815,0.06712569374663031,0.10269953097917262,0.1087056183012811,0.10457789127244344,0.10457789127244344,0.09524965675840795,0.0882095443474307,0.0882095443474307,0.0882095443474307,0.07710323440933789,0.07710323440933789,0.07710323440933789,0.07710323440933789,0.06004067363944633,0.028983387298811523,0.028983387298811523,0.0,0.0,0.0,0.0,0.0,0.0
321,1.0,0.9820774649393791,0.8856796144796785,0.8088667688859491,0.798162979234737,0.7137493700017932,0.6587283031802912,0.5482177435955526,0.43729818275189836,0.33800243055911783,0.2643287241692923,0.1115170087604812,0.07884689676977441,0.07884689676977441,0.09054956278425245,0.09244472784532806,0.10137412903007043,0.10633133562234336,0.10633133562234336,0.09771875506751224,0.08659699580052159,0.09207311487510902,0.07809949925686392,0.07281650593845067,0.02958255955819468,0.026477520152978898,0.0,0.0,0.009069067607898076,0.026872542962041113,0.05024355362615381,0.06116680198710211,0.050570741020364005,0.050570741020364005,0.050570741020364005,0.043384551657673846,0.043384551657673846,0.043384551657673846,0.03834530129059708,0.03834530129059708,0.03459420126500552,0.03459420126500552,0.03459420126500552,0.011115671534944136,0.011115671534944136,0.011115671534944136,0.011115671534944136,0.011115671534944136,0.011115671534944136
322,1.0,0.8784878724561256,0.779944410077129,0.7126352169132668,0.6657595845355406,0.5497749218053819,0.3501543363431119,0.29566174179089244,0.24243402744166861,0.20834019677729956,0.14933490199111793,0.12042200707513045,0.0547263654953204,0.04020607970190943,0.07864400586534441,0.09180840933112831,0.08990960642306416,0.08990960642306416,0.08486538327878215,0.07851144985774122,0.09508363253120491,0.12467747974790316,0.14444288180680595,0.14511470980253596,0.12817490630277,0.12771132152192963,0.13096598454079092,0.08241621911600908,0.06799499262786725,0.07883057193019799,0.08478994926428635,0.05723962848579875,0.05723962848579875,0.05723962848579875,0.05723962848579875,0.04952467538888218,0.04249590283892627,0.04249590283892627,0.02461525108541128,0.019669812796431412,0.015204886994561448,0.015204886994561448,0.0014339670147082927,0.0,0.0,0.0,0.0,0.0,0.0
323,1.0,0.9105836835227669,0.6299801758229235,0.5681351104999753,0.6305715540664804,0.6126884913546289,0.567980333132434,0.5148410507733392,0.3807165760991757,0.29130025965478623,0.11246762674074254,0.11286707463095266,0.05456402711600843,0.07669457083910926,0.07669457083910926,0.09516651177943843,0.11727906576540004,0.13428003724093895,0.18412298596235374,0.19591369970611433,0.2232295155320233,0.25605474844138393,0.2866784208116016,0.24008562824623889,0.21041922308225028,0.2030718830417129,0.19614250142341924,0.1637755572686678,0.18308353154136275,0.1375791577856447,0.14324120425202566,0.1358957123891272,0.1358957123891272,0.10303074642188788,0.09070852236693185,0.0690583493849186,0.06277991785445282,0.06277991785445282,0.06277991785445282,0.031670945823951475,0.007818640972049786,0.0,0.0,0.0,0.0,0.0,0.0,0.0,0.0
324,1.0,1.0,0.9477829398883518,0.8846449233298848,0.7646118035495485,0.5845935940408905,0.5484358107931508,0.46156296931118357,0.3843001014158762,0.40610258668992333,0.32883971877496887,0.22835250452243824,0.028232228851420703,0.049696600511913235,0.03753588586909982,0.03753588586909982,0.05123934648324891,0.05123934648324891,0.04541206608654083,0.04541206608654083,0.026262882068225288,0.018349924149800703,0.018349924149800703,0.08833502996934502,0.0828219357922446,0.0702314779750486,0.089500845568278,0.1164819799317364,0.1316918716893494,0.1316918716893494,0.13658433388650545,0.12958576146753806,0.11650131247509168,0.11650131247509168,0.11650131247509168,0.09672096790961135,0.08985504673216096,0.08985504673216096,0.08985504673216096,0.05643556720574347,0.03680294516679681,0.03680294516679681,0.03051693460283801,0.0,0.0,0.0,0.0,0.0,0.0
325,1.0,1.0,0.923149684909237,0.8078742121297818,0.6384253786438302,0.5043235905332988,0.38013941920669475,0.36407764767964107,0.2924531168650894,0.3073223348670103,0.14742280718755132,0.07685031508642014,0.0,0.026037208606544952,0.08343281679198424,0.0992929277564276,0.09453492827094309,0.09453492827094309,0.09453492827094309,0.14577174435415322,0.16476952776600284,0.1749340392325685,0.1749340392325685,0.20885223560799057,0.20885223560799057,0.2022100811968175,0.17184630641349607,0.16505352235303283,0.195326714264816,0.19103308079543116,0.20612155321216724,0.19925858502515706,0.1949596488158884,0.18848108941934807,0.18848108941934807,0.18848108941934807,0.18848108941934807,0.17552231122383222,0.13907806971243863,0.11693926966502693,0.11693926966502693,0.10201699090989233,0.10103175387536929,0.10103175387536929,0.10103175387536929,0.10103175387536929,0.10103175387536929,0.10103175387536929,0.10103175387536929
326,1.0,0.8660715363712584,0.7637409405285371,0.7376350056134108,0.6540596944181868,0.6236121273616262,0.620799996743918,0.5341650302296019,0.4656069332307027,0.40951572762418526,0.33847997984518896,0.29592303773641876,0.11443282143173385,0.11386874503719821,0.12144501270892089,0.12144501270892089,0.09590541595239789,0.10648314640499713,0.10648314640499713,0.1268585168337499,0.13204913556729603,0.12472160628298194,0.1385500681522639,0.1385500681522639,0.1385500681522639,0.12770992791713057,0.10042464433685172,0.09321054870958553,0.0895748509180148,0.0895748509180148,0.0950624774661327,0.08188737541372104,0.0683662270414926,0.05963686869055923,0.046915742597869195,0.046915742597869195,0.046915742597869195,0.039582214733138485,0.039582214733138485,0.039582214733138485,0.030862681877248263,0.021710482505981565,0.0,0.0,0.0,0.0,0.0,0.0,0.0
327,1.0,0.9951059339265437,0.8333284702925371,0.7405921096726235,0.6794467758323353,0.6405245818278062,0.5945758337772227,0.47212897815737975,0.27751800818971967,0.1979699331219109,0.16576970364411933,0.1472550192690814,0.06793481511383619,0.022149886773077804,0.01790364822700734,0.02768713503366321,0.07772526542639432,0.07245383925427365,0.0997316886630819,0.11498577529295415,0.12865385996686537,0.12033370994914235,0.09359492690840218,0.08832766293996627,0.10798725798799087,0.09889441367469824,0.15788352247528611,0.14424935604872788,0.14424935604872788,0.14356489576444484,0.09330704022022775,0.08646700232319883,0.08646700232319883,0.07817725210967764,0.07817725210967764,0.06470085580877018,0.06265644533207838,0.015122548562112698,0.006349312393398096,0.006349312393398096,0.0,0.0,0.0,0.0,0.0,0.0,0.0,0.0,0.0
328,1.0,0.8834457376155926,0.7794899692752023,0.7356627520764454,0.7342732788074366,0.6645311437605141,0.6057384009740637,0.5527513142787422,0.5327001640065088,0.46108015973690225,0.3571243913945534,0.282893150495385,0.16297919866099939,0.17056242123696105,0.1476872560035994,0.1699931918869127,0.18033473859356647,0.19463564121360075,0.1912859156509806,0.2042791049185189,0.14300743423963283,0.15114506754945758,0.07185772112389287,0.06791239428668396,0.06067261387240142,0.06067261387240142,0.06067261387240142,0.06957188371402467,0.08233303468129118,0.070404090830189,0.08609125917278268,0.1048637285300507,0.1048637285300507,0.1048637285300507,0.1048637285300507,0.0885311204135268,0.06397808095971885,0.06397808095971885,0.06397808095971885,0.04240191075427092,0.04240191075427092,0.03885983281252537,0.007354404663658934,0.0,0.0,0.0,0.0,0.0,0.0
329,1.0,0.823641697681477,0.774160574633107,0.774160574633107,0.6609034898356114,0.5708271762988677,0.5366439210195849,0.48666158210422,0.4430446614546426,0.2780644908597034,0.15585827329030214,0.18868757874055478,0.11356576656382807,0.08442138635290226,0.10620734727966426,0.10620734727966426,0.044016958873338424,0.07690424547669535,0.14858745101915571,0.16928954860788686,0.16928954860788686,0.18153499952847663,0.17347717767567997,0.15746613901933956,0.14733041545157957,0.10546620739139546,0.10344224458230987,0.09211894102133275,0.08167827453892092,0.10916569105169122,0.09423283600562636,0.07912639111751729,0.07593215369381837,0.06640169122390553,0.06640169122390553,0.047050564497297144,0.047050564497297144,0.04559160584879142,0.04559160584879142,0.036415450167146514,0.036415450167146514,0.036415450167146514,0.023465979717820006,0.0,0.0,0.0,0.0,0.0,0.0
330,1.0,1.0,0.9321741209836635,0.8088373299757325,0.6903530705366792,0.6113635642365374,0.4891819449987232,0.45532715311759114,0.4440194136709423,0.3222205725115611,0.2351779838270486,0.11669372437460367,0.06234891897635313,0.05547198573122058,0.07634572814312324,0.0797162045953393,0.10430368906693233,0.09002847102887028,0.12434579709873461,0.17008725919792295,0.17008725919792295,0.13584347161288426,0.1195956115298388,0.1195956115298388,0.13601164383024197,0.1546756615524855,0.0972484881593118,0.0972484881593118,0.1075448587127786,0.11869866478613031,0.1181298079909642,0.1181298079909642,0.07440710824785153,0.07440710824785153,0.0727455460785255,0.0727455460785255,0.0727455460785255,0.0657687818750863,0.059265706349207595,0.05715642953478791,0.05715642953478791,0.03727036500281602,0.025428329911613878,0.0,0.0,0.0,0.0,0.0,0.0
331,1.0,0.9452265123939583,0.8611725318598968,0.8150511957746325,0.7574564553467827,0.7415745512337931,0.6769544388880782,0.6064794263723782,0.5455148218926866,0.39151313048595426,0.32296416622076746,0.223840013683638,0.06504240794465986,0.04702460423520264,0.04702460423520264,0.017068323484099382,0.04060227450122242,0.01680562592815832,0.013705553392704569,0.0,0.010774900702178642,0.0121769567682081,0.03876490443542351,0.029564363178058523,0.04084737804215982,0.05391056062163138,0.036271319854272774,0.062200350122191696,0.062200350122191696,0.10218367389811307,0.10218367389811307,0.1119377990252396,0.1119377990252396,0.1119377990252396,0.109054041457529,0.07181900838538412,0.07181900838538412,0.06386647097499931,0.05973766020468939,0.05973766020468939,0.05973766020468939,0.05973766020468939,0.0480186852334865,0.0480186852334865,0.0480186852334865,0.0480186852334865,0.0480186852334865,0.0480186852334865,0.0480186852334865
332,1.0,0.9287857160307892,0.8555197240011516,0.808422964024281,0.7780095094665441,0.7105502674854831,0.5973318481204231,0.5433464308928542,0.521223365313788,0.47736385282549226,0.44183542081333077,0.3439364165251488,0.2487954931848352,0.2487954931848352,0.27860967241718176,0.27860967241718176,0.27860967241718176,0.2871088672642172,0.2668427624722605,0.26264590617710076,0.25400027808027625,0.204070365958388,0.188155549740087,0.1691858575107047,0.16114971286303423,0.15721614489410032,0.16322597462349853,0.17102423196053995,0.17863238973496995,0.20421289878148371,0.20421289878148371,0.1395657280122022,0.11578302470994938,0.11578302470994938,0.06908043603523051,0.04721613606644826,0.04721613606644826,0.04721613606644826,0.04721613606644826,0.024559930837128145,0.007519293645807299,0.00473096626413667,0.00473096626413667,0.0,0.0,0.0,0.0,0.0,0.0
333,1.0,0.931939014651915,0.8486366408859395,0.7250877712750021,0.6329771495484713,0.6332240339211113,0.5120289974473168,0.5120289974473168,0.5116266465465182,0.5116266465465182,0.43321632335071886,0.3525699577730264,0.21906448161911943,0.21906448161911943,0.21852227574000044,0.20065281676223556,0.20065281676223556,0.20343590302942505,0.21566505890731058,0.25591065300867566,0.20843889321837925,0.18505890825383406,0.1761983882246532,0.17661952276674267,0.1498371391743482,0.14842300908128864,0.15362092733273003,0.15362092733273003,0.15916528407736108,0.15916528407736108,0.12951210898008614,0.14119745987307886,0.12566507802154755,0.12566507802154755,0.11551401229059212,0.11551401229059212,0.11018330552301905,0.0998454556489281,0.09363859573129649,0.050952512206132436,0.050952512206132436,0.022737892860853808,0.020397272206139124,0.0,0.0,0.0,0.0,0.0,0.0
334,1.0,0.9665828075439726,0.9739199981620671,0.8911263360106677,0.8494074365012853,0.7357264163855574,0.7357264163855574,0.6592818705001522,0.5771637154992185,0.4434949456751102,0.3432433683712339,0.2629492424101942,0.21859004371730334,0.1829009623636305,0.17321822986334331,0.17321822986334331,0.1456541382950633,0.10671388792464664,0.11763123200007067,0.12369374057164505,0.12369374057164505,0.09937566957502234,0.11091074397243857,0.10416902580942472,0.12867253696619532,0.13538135171438825,0.13127498112995004,0.14253521681509612,0.14654929669567116,0.14654929669567116,0.14654929669567116,0.14654929669567116,0.14654929669567116,0.12419627963044899,0.11407655357293148,0.067027071444178,0.067027071444178,0.06610404381409156,0.048937362252617425,0.048113615234747636,0.03563692439110743,0.0,0.0,0.0,0.0,0.0,0.0,0.0,0.0
335,1.0,0.9044114249000653,0.8145992459578815,0.7671885031455236,0.630245484902626,0.5853735952391148,0.4670846648092952,0.344711513822118,0.3569475419473861,0.2805565991142848,0.23673180588162573,0.1603408630485251,0.14061317892143943,0.1752717515733159,0.18273549025583669,0.12888058884922438,0.12083236168606093,0.14433657884377263,0.15316827633135485,0.1160509616590079,0.1160509616590079,0.108246038494285,0.09133208720019961,0.09133208720019961,0.12119617288329727,0.10813208490430189,0.1233901286907019,0.12130801528911156,0.14114813138572502,0.16602749990926163,0.1470746964125695,0.14488268755758346,0.11564522342939454,0.11564522342939454,0.11564522342939454,0.09219157907732675,0.08956584407687139,0.05090685956739162,0.041075468318815665,0.041075468318815665,0.029986915579465295,0.029986915579465295,0.02076934105403252,0.0,0.0,0.0,0.0,0.0,0.0
336,1.0,0.8708712270366203,0.7969287498755506,0.720630177926133,0.5361601652522996,0.5360649681020304,0.49756107630959734,0.47426301713781793,0.4215727981861375,0.35649684006506804,0.3257607215069798,0.29994221390499104,0.010220410423917362,0.04662265566872673,0.0566473970338811,0.05263539310243171,0.10429539340027152,0.10429539340027152,0.09898636158969686,0.11373084995941361,0.10132783685990993,0.11996599750290149,0.12520223305850556,0.14204498548694067,0.1596719992562517,0.1436719223885484,0.18250408394628667,0.1946909087587056,0.16066132131378524,0.16479318499644013,0.14828724954770275,0.10438509462217377,0.10438509462217377,0.10438509462217377,0.10438509462217377,0.04362497002601566,0.03523273368509828,0.029281898275939678,0.029281898275939678,0.025651097189846612,0.025651097189846612,0.004239935171248866,0.0,0.0,0.0,0.0,0.0,0.0,0.0
337,1.0,0.8562789136820627,0.7722855295680826,0.7456816834118084,0.7089393814237421,0.5967808630673517,0.5123013105228412,0.4174990900877489,0.38692452530484817,0.30833081079472846,0.3041459292738965,0.2334903558671752,0.09363298783518707,0.09363298783518707,0.12227370504150786,0.10763794304156116,0.10763794304156116,0.0905551742797971,0.10735088080143283,0.10558018366109617,0.102556668100591,0.1119018397535862,0.1085541762594476,0.08030915420130455,0.08733579120776314,0.09532517555539213,0.09421185199102988,0.09421185199102988,0.08845727897947422,0.08845727897947422,0.08845727897947422,0.07936418341749586,0.07936418341749586,0.07164492813062057,0.07164492813062057,0.049952164188785626,0.049952164188785626,0.047880662416067525,0.04228765847446363,0.02304231750898218,0.008948225306298189,0.008948225306298189,0.00804240614944137,0.0,0.0,0.0,0.0,0.0,0.0
338,1.0,0.9143265763648833,0.8416444708496833,0.7931899047001963,0.7018680869946756,0.5925819266251371,0.5851588019543932,0.4187664344247031,0.3454209910691497,0.28291762292206185,0.23690557789736474,0.05798558434371413,0.023755483397177448,0.033726208580209326,0.049947074013545235,0.07589651500350542,0.05309132294483259,0.04421963040631096,0.04683750121179589,0.05780800890287839,0.05872593898270764,0.0446720922794608,0.0,0.03371257534828598,0.04684191149150708,0.07049194571003116,0.10491594058394701,0.09182129337199561,0.08778521139101884,0.08176277575968198,0.14013964993456546,0.15331479037217088,0.14158840282332857,0.14158840282332857,0.1302148301716044,0.11149498475084976,0.11149498475084976,0.11149498475084976,0.06046456065579483,0.02385570183535649,0.02385570183535649,0.02385570183535649,0.02385570183535649,0.02385570183535649,0.02385570183535649,0.02385570183535649,0.02385570183535649,0.02385570183535649,0.02385570183535649
339,1.0,0.8939175061365733,0.7029711843954791,0.6585354210874576,0.6565143168288784,0.5745940917240844,0.5723993898172816,0.5278754491795197,0.4496712371555305,0.28512378397204596,0.20578865538279398,0.1618313349770089,0.12216377070031613,0.11603502938749043,0.10188283897843281,0.1099656614820914,0.06926329201652591,0.06926329201652591,0.06926329201652591,0.08340948731184121,0.11443523514928532,0.09274720519217734,0.009742933103520798,0.0,0.035718615821623514,0.02837336924917486,0.05623206314033408,0.06634208545903149,0.03201897235281664,0.042020606950813694,0.055229598887994044,0.03342071927694646,0.024779043496505025,0.024779043496505025,0.024779043496505025,0.024779043496505025,0.024779043496505025,0.024779043496505025,0.024779043496505025,0.024779043496505025,0.024779043496505025,0.024779043496505025,0.006305440760106572,0.006305440760106572,0.006305440760106572,0.006305440760106572,0.006305440760106572,0.006305440760106572,0.006305440760106572
340,1.0,0.9747016374094988,0.8999430368190149,0.8476862576093307,0.7253236242545226,0.6349128501828424,0.3644824809046699,0.3741518744309746,0.2925767855454396,0.21100169665759963,0.2149236323483518,0.2149236323483518,0.1279341345412563,0.09851028603525314,0.10503780977233573,0.1443943357108061,0.16505706148528376,0.16705858335939366,0.15241390935592608,0.23894433066130308,0.22829172056604047,0.24478463491111535,0.23969932534000904,0.23969932534000904,0.19182861010436905,0.1890545516588798,0.1813894199132756,0.1707374613799006,0.1707374613799006,0.15259236997886952,0.09652241126536235,0.09611978397065113,0.08635277308692227,0.08635277308692227,0.04791478740815424,0.04006826600973943,0.03255536428099135,0.03255536428099135,0.025657477186065356,0.025657477186065356,0.025657477186065356,0.007046997110137657,0.007046997110137657,0.0,0.0,0.0,0.0,0.0,0.0
341,1.0,0.9371656587155588,0.8336095349764489,0.7598358142671239,0.6043708093255421,0.5771346119147782,0.5524723488213131,0.47869862796399265,0.30090251733438467,0.3060443054579561,0.2382941235491487,0.16089146125148762,0.04967525803802871,0.07509619929919593,0.09159886474174153,0.12966336185505967,0.14731167528725173,0.1785089392702348,0.23098710045502657,0.22600564195941064,0.24623746332624233,0.23894379978559183,0.272125500283911,0.10503682570138073,0.1318321365343716,0.11029799769075213,0.11889863425655894,0.13527656008408356,0.1278622790978172,0.13780182351498937,0.14621516573718743,0.14621516573718743,0.14096216626725083,0.11516785314395526,0.10554578763552468,0.06668405432023361,0.06668405432023361,0.06668405432023361,0.06007200682821536,0.034031448658333574,0.007869410703833332,0.004476175507476173,0.0,0.0,0.0,0.0,0.0,0.0,0.0
342,1.0,0.8850361262449821,0.8477343478430265,0.7904924690151497,0.7183593530457268,0.6527786503164876,0.5119280651170394,0.38770032082704337,0.3549099694716885,0.31108585708444814,0.24550515435891498,0.18855350083683792,0.09018244673371435,0.09018244673371435,0.06967529746579283,0.08420281725517856,0.0817241704678605,0.06709876129878324,0.0628406544442076,0.0628406544442076,0.10034506421916908,0.12051659491223067,0.1155474944651947,0.089226030823153,0.089226030823153,0.08430003722327249,0.08430003722327249,0.08237853838714541,0.10222513510513083,0.07251725266473,0.11124209108565894,0.11811503196469209,0.09962973533815074,0.07769601710657349,0.07769601710657349,0.07111416075640786,0.05214081960894208,0.03957226553206287,0.03957226553206287,0.03957226553206287,0.02901519371265609,0.008394879219802191,0.0,0.0,0.0,0.0,0.0,0.0,0.0
343,1.0,0.8285548677939458,0.7550857145890214,0.706730186172328,0.5431932910807444,0.4574707249825611,0.40347190898120877,0.342895327517991,0.19045602096699848,0.13238285961958662,0.015522726206232752,0.015522726206232752,0.005523119327059013,0.0,0.0167463017512397,0.027794517780281396,0.07490442930100277,0.06644181196246791,0.07927575366308781,0.0739442819216919,0.06389018289931966,0.05953637861224774,0.047077631260805164,0.1026155402986284,0.09771447403954785,0.13696677374739993,0.13696677374739993,0.14864292225814926,0.15308123085638523,0.21567667299495555,0.23328498982254692,0.23328498982254692,0.23018572365882375,0.22860678620011082,0.1965921515183391,0.1965921515183391,0.1965921515183391,0.1954082654522875,0.1428282226555895,0.12342644104299282,0.06802837594568359,0.06802837594568359,0.042652255993901725,0.042652255993901725,0.042652255993901725,0.042652255993901725,0.042652255993901725,0.042652255993901725,0.042652255993901725
344,1.0,0.8690971133058047,0.6500278709543706,0.5779583928838546,0.4760376618475726,0.4261685634802888,0.38965702309079026,0.3161846243839881,0.24316154359054865,0.13965992534960933,0.11526506161913562,0.11126031258948821,0.13580741541680807,0.0646712423981927,0.010317696038394306,0.010317696038394306,0.053889527137155696,0.053889527137155696,0.052430138092545715,0.0787438265060773,0.0787438265060773,0.08899444184563284,0.08406248021450168,0.10065144290214595,0.10729855105093754,0.10108341966970012,0.10843404564924031,0.10963971424861783,0.09999942373843479,0.09999942373843479,0.09999942373843479,0.0780143518880746,0.06995919732575123,0.06995919732575123,0.06995919732575123,0.04182997220569774,0.02583082391397365,0.02583082391397365,0.019818954340211588,0.013722282043939478,0.013722282043939478,0.0035273692228474096,0.0035273692228474096,0.0,0.0,0.0,0.0,0.0,0.0
345,1.0,0.932074907212179,0.875323665459668,0.8137075979439867,0.6683929532701745,0.572719148730144,0.47083150955800834,0.3976930823898302,0.28665049369205253,0.23149698015177791,0.2122893779900124,0.13579149775965685,0.07429265037820428,0.10834193488794089,0.09388190251424793,0.09388190251424793,0.1027477115764792,0.09378222556861761,0.09378222556861761,0.08947896210050932,0.08947896210050932,0.1049750384499004,0.10139205176512132,0.09156381254271848,0.13904127310901224,0.16688367798821407,0.16273716006172823,0.15524193099294717,0.14359916176237997,0.10932246750971049,0.0893501034470148,0.09824415360494934,0.06064588801128789,0.05065027543664339,0.04416492831530611,0.03893931678802684,0.024057123098836695,0.024057123098836695,0.024057123098836695,0.024057123098836695,0.01773171290940471,0.0016419767282889618,0.0,0.0,0.0,0.0,0.0,0.0,0.0
346,1.0,0.8557143497879486,0.7178061015445016,0.7146322111385439,0.5949059828888439,0.4866727865319242,0.428552268722611,0.460846152882365,0.44183770802400485,0.37983438737787334,0.2846073664590305,0.14176683509179733,0.14306499305097803,0.177584595143333,0.177584595143333,0.19934912543388758,0.19934912543388758,0.17246180400234293,0.19054816869522193,0.15577557889289584,0.0819078205192778,0.0819078205192778,0.056276585212758905,0.056276585212758905,0.046328757417734096,0.06100910986499386,0.030075447217022936,0.014553027815447967,0.0,0.02894318642038733,0.04981982178857649,0.08439089226643531,0.055005484830218644,0.055005484830218644,0.055005484830218644,0.055005484830218644,0.055005484830218644,0.055005484830218644,0.05245370577505153,0.05245370577505153,0.02273967998870803,0.02273967998870803,0.011249284274879501,0.008318812848480878,0.008318812848480878,0.008318812848480878,0.008318812848480878,0.008318812848480878,0.008318812848480878
347,1.0,0.9344054426096975,0.8789837151299291,0.7988529439332988,0.7641480814399352,0.6947383564296744,0.5632214987797729,0.581507335087724,0.512097610089622,0.5023879957832266,0.45723246480903024,0.2744130985501031,0.20960596952965405,0.22477990970178482,0.22628427012223953,0.25434369693529374,0.24302063954836786,0.20827181498783837,0.21945161552286388,0.2576459294375304,0.2750913166879014,0.2750913166879014,0.2787530124566861,0.1097050784984362,0.10522461507780595,0.1427439983208597,0.10985384502980834,0.1021863737689206,0.12326299359552714,0.12326299359552714,0.06354313170548412,0.043393963644166506,0.043393963644166506,0.043393963644166506,0.043393963644166506,0.043393963644166506,0.043393963644166506,0.043393963644166506,0.033416962519551494,0.033416962519551494,0.033416962519551494,0.033416962519551494,0.010804472758291524,0.0,0.0,0.0,0.0,0.0,0.0
348,1.0,0.9235494926917279,0.7995026648268713,0.7168047796171247,0.7366286748731864,0.7480413180872516,0.5787746051163056,0.4382575416437026,0.36349865340179166,0.32214971079575005,0.24582691274353716,0.2541869870205029,0.1559418731418465,0.16004907906556487,0.17323300068669942,0.19138328721682196,0.1897663517838666,0.19725146462587106,0.19725146462587106,0.21012877576807573,0.22885076992359912,0.22657429468773155,0.22333287568807886,0.21680614877803764,0.2010288080164532,0.1651567090045576,0.14804614624184703,0.14608896194742174,0.12320922858776175,0.11764120959146038,0.11523405450453947,0.10155696692706258,0.10155696692706258,0.10155696692706258,0.08504698375081031,0.058261765069228914,0.058261765069228914,0.058261765069228914,0.05426873423405106,0.028195459983138223,0.021785350409770792,0.014587243127741574,0.0,0.0,0.0,0.0,0.0,0.0,0.0
349,1.0,0.9580569485566451,0.856620349078181,0.8190410572326842,0.7503058155986275,0.6076067607866857,0.4742831899203312,0.4150568976765798,0.4237519575626605,0.3876860627295562,0.3460712348795002,0.3280803720609522,0.18192049345291084,0.12155446103318024,0.12155446103318024,0.12155446103318024,0.12155446103318024,0.1346422261914793,0.07721097009858678,0.07540327754821831,0.06598383539665538,0.04522140025045005,0.04389059573071193,0.007919908833396218,0.03611893174339232,0.04464972523058869,0.04464972523058869,0.08947018851596736,0.11454192876109501,0.08041738367484892,0.08461083673786753,0.0835020120400788,0.06242839307228514,0.06242839307228514,0.06098852540285071,0.06098852540285071,0.0587161811124405,0.05027776805494917,0.05027776805494917,0.029871827792478694,0.02402990576889369,0.004200646719798037,0.0,0.0,0.0,0.0,0.0,0.0,0.0
350,0.9796688615071205,0.9817091612338108,1.0,0.9833921013604587,0.9560615155492382,0.9660324053369973,0.8924467963090157,0.7698827076164464,0.7034370529545477,0.6037685708302825,0.40541939137674327,0.25630455907403304,0.17117316104555172,0.18974803986395106,0.15737758834119364,0.1295348871947352,0.09633023281980232,0.10656106131874049,0.11829128690529431,0.07176728583395459,0.06850916397569161,0.07815216110081802,0.0880386246514288,0.08354264476501856,0.07886795611235332,0.08999932898938984,0.11342570452059435,0.13914902917282007,0.1117451251880157,0.1355494157907372,0.06985783690822692,0.052070934157172226,0.052070934157172226,0.03904808835918276,0.03904808835918276,0.03904808835918276,0.020701869401425967,0.020701869401425967,0.020701869401425967,0.020701869401425967,0.020701869401425967,0.01172048011686578,0.0,0.0,0.0,0.0,0.0,0.0,0.0
351,1.0,0.8225773690634834,0.7216081880943638,0.645260997943003,0.6136778153598694,0.525554713748192,0.5099897455890141,0.4138211255201272,0.3313240018287259,0.19902918092009866,0.19316769166117334,0.1609704676317951,0.14254964077091428,0.1526335172632939,0.1526335172632939,0.13154266669659875,0.1350126017034297,0.134776990044877,0.14142234391626937,0.10925689090083364,0.13841183937972681,0.14588064543840756,0.1345425110564016,0.14284533643366418,0.14284533643366418,0.146492399663995,0.13778323704914763,0.07802070843529764,0.09985811769373937,0.09985811769373937,0.06411527507937347,0.05572832554627506,0.05572832554627506,0.05572832554627506,0.05572832554627506,0.05572832554627506,0.047723778167747116,0.047723778167747116,0.04461452070543761,0.03629086016438241,0.0019816443719937855,0.0019816443719937855,0.0019816443719937855,0.0,0.0,0.0,0.0,0.0,0.0
352,1.0,0.9269654736986359,0.9287531521027674,0.8175267539264615,0.8332885829035374,0.7647769325345435,0.6579424318551587,0.671334587177966,0.660287431231326,0.5671411844319453,0.32209796128853874,0.23486203078885523,0.20119254150541097,0.16266848540026924,0.14827362035667174,0.13855500656174355,0.14807561175274156,0.13287928556308248,0.12575163333990674,0.13709767979084353,0.1358663315681443,0.14566145864167349,0.1382031798356919,0.137765481960393,0.137765481960393,0.15234554130242525,0.16414251571263622,0.12871671814594904,0.14234390289928003,0.13512787532378165,0.10871012158239611,0.0902075280956479,0.0902075280956479,0.0902075280956479,0.08738512667631104,0.07932329703335832,0.07932329703335832,0.06953195383814424,0.05067207536363353,0.03026631294762426,0.03026631294762426,0.003440416605779113,0.003440416605779113,0.0,0.0,0.0,0.0,0.0,0.0
353,1.0,0.9511524949312617,0.9123398634044299,0.9333067616072017,0.8787054107365962,0.8787054107365962,0.7402349938290306,0.6861298169378777,0.6269285811277788,0.5207839252466264,0.3532380344921864,0.23852037663755718,0.11080620183204068,0.10729303464473441,0.12042045373503779,0.11703427953694483,0.11703427953694483,0.13237781223971248,0.17087989287163427,0.1633369863427406,0.17493238649448667,0.19021576057511413,0.08141402602257591,0.09813327878280079,0.10855012986315829,0.11567715195167111,0.11567715195167111,0.11788910585619998,0.14459655070332914,0.1244280347470873,0.1244280347470873,0.1244280347470873,0.1244280347470873,0.10153496582463453,0.09092298184805735,0.010686028586830511,0.010686028586830511,0.010686028586830511,0.010686028586830511,0.010686028586830511,0.0,0.0,0.0,0.0,0.0,0.0,0.0,0.0,0.0
354,1.0,0.8526657187569961,0.8297237533506524,0.7899508693593844,0.6911091883529376,0.6402658635329767,0.5371566450876117,0.4232138325913193,0.38780753842718646,0.24618236176265237,0.20345473704577674,0.19891926077779937,0.1722762538747599,0.17852951724091015,0.18432098774659617,0.18822897811360775,0.18822897811360775,0.09171555743082338,0.08757932390664148,0.08757932390664148,0.050340196702936914,0.0,0.025245489486797078,0.05662949878919857,0.05066761384939598,0.05066761384939598,0.08703534271950866,0.08703534271950866,0.09998850465085937,0.10887125075355118,0.06378939177270013,0.061492340141682277,0.049500244513705466,0.049500244513705466,0.049500244513705466,0.049500244513705466,0.049500244513705466,0.049500244513705466,0.049500244513705466,0.04223789825532938,0.04223789825532938,0.04223789825532938,0.04223789825532938,0.0360574409078289,0.0360574409078289,0.0360574409078289,0.0360574409078289,0.0360574409078289,0.0360574409078289
355,1.0,0.864238202872672,0.8358108852319204,0.7350972255350608,0.6344404575585224,0.5920612621750396,0.5198885070396622,0.5019622860242514,0.42031112493729716,0.40400436686605073,0.37809142948603974,0.35251287851251706,0.21557371527934882,0.223487161863609,0.223487161863609,0.18910268093507393,0.18124272877612838,0.15890450724786465,0.184518996585374,0.1599210213478411,0.15546411349204478,0.10194855012710612,0.09323273670737822,0.08638545462082067,0.09273087448231981,0.06384465317791461,0.06384465317791461,0.09303721712115223,0.0773475546905456,0.0773475546905456,0.0773475546905456,0.06162618220796282,0.0496983385209232,0.04803079877486151,0.0362427131388477,0.0362427131388477,0.0362427131388477,0.0362427131388477,0.033494641345535765,0.027076946232846833,0.019941540186729365,0.00386227250160719,0.0,0.0,0.0,0.0,0.0,0.0,0.0
356,1.0,0.8677674648492301,0.8539163556572745,0.7071669250919479,0.665693747050717,0.6268052723920792,0.5389666956452217,0.5413765052141226,0.5724738671688352,0.4624117942344744,0.3791774648967345,0.264604400568559,0.09071822272504818,0.084748116769828,0.07753936697870732,0.12543853474663222,0.15102725666764716,0.14724000727146422,0.14004877063396218,0.14004877063396218,0.1347684114377755,0.13251891088312348,0.13251891088312348,0.13251891088312348,0.13398090915618258,0.12348877614887334,0.14343466924599518,0.1547255346849693,0.15547214404289858,0.19971031157260652,0.1884157306488712,0.1597177591457263,0.1279422596438898,0.1279422596438898,0.09326086909457432,0.05342139586778953,0.04189930414055667,0.034497881441766964,0.034497881441766964,0.034497881441766964,0.034497881441766964,0.006861549168209617,0.0,0.0,0.0,0.0,0.0,0.0,0.0
357,1.0,0.9519081112132065,0.8729176476199552,0.7940325187879286,0.7738135118516754,0.6774052033021414,0.6407935130179174,0.5255955382016608,0.38102898900617216,0.3040615163244903,0.20134445570126863,0.13524505489287653,0.11267898990876592,0.1331217700531079,0.1585368665070724,0.13820393236734,0.13820393236734,0.1519202390608297,0.17566044111527826,0.18614964735098047,0.18614964735098047,0.17873083224241415,0.15773164526584935,0.14593588434621568,0.14593588434621568,0.1607705312452443,0.17001500715513,0.17001500715513,0.17001500715513,0.21785984197355857,0.22098126499692153,0.1532271403200257,0.14421334528104424,0.1361405574142356,0.13456588212744,0.09453537917270081,0.06753296177415655,0.06753296177415655,0.0448041693186872,0.041889628733489837,0.041889628733489837,0.020945348423914347,0.010253651050221853,0.0,0.0,0.0,0.0,0.0,0.0
358,1.0,0.964387276031844,0.8606962335369159,0.8042000394965004,0.6639123927665461,0.65276976923743,0.5784143897458253,0.5092870280851439,0.49809227973007086,0.4591624836776456,0.3900351220169643,0.2787088051008027,0.13888956195785393,0.1553583369368002,0.15243428703983158,0.14561000922929432,0.12489840558814888,0.1031225835236054,0.12048390120130388,0.08331890210865643,0.10829669804426677,0.11661321035245022,0.12401671819689843,0.1379332904425956,0.13001265620967306,0.12814074739545753,0.1495591348145859,0.1753758251255789,0.14439096699974371,0.12487398604088702,0.12487398604088702,0.13355337889074412,0.12337016225998011,0.12337016225998011,0.12337016225998011,0.07514848743731074,0.03706400365012959,0.03706400365012959,0.022336640976843822,0.015917120092543247,0.0,0.0,0.0,0.0,0.0,0.0,0.0,0.0,0.0
359,1.0,0.9308283795920594,0.8648340140369084,0.6998481001173321,0.6415063583628462,0.6085091755852707,0.5983803483712449,0.5127049425414731,0.3196115220366744,0.23724622420468128,0.15233135768100964,0.16300762817805542,0.16300762817805542,0.14002885399394216,0.17265013124309433,0.18726928614632235,0.18726928614632235,0.20068029085796268,0.1850603465681098,0.20627906016996472,0.20343677097684756,0.20919662425632857,0.23225516472265514,0.07859192670004973,0.08476099586352613,0.07437965010870204,0.07437965010870204,0.07437965010870204,0.10549525154678946,0.10549525154678946,0.06797451233591553,0.06797451233591553,0.06797451233591553,0.06141384165279604,0.06141384165279604,0.05928724866523019,0.05928724866523019,0.05928724866523019,0.05928724866523019,0.05928724866523019,0.02425926505968148,0.019197483237230573,0.019197483237230573,0.0,0.0,0.0,0.0,0.0,0.0
360,1.0,0.9375352913404019,0.9077208007819448,0.7592090091620197,0.7190680415675422,0.678736910857721,0.6316335251011559,0.5892822827141792,0.5374039493885765,0.329862310186152,0.16184488990977194,0.17953017263883142,0.06768123958489865,0.062802097693798,0.089005188563651,0.10044472196753151,0.10044472196753151,0.0006841381081260047,0.0,0.019864182125075396,0.0033111706720442093,0.04797506330653436,0.06657618390306967,0.11100606898068359,0.1251501447594014,0.1251501447594014,0.15014249979342195,0.15014249979342195,0.10331490145233761,0.10151196994905652,0.0932962181392525,0.10512740029518429,0.08156156656079089,0.08156156656079089,0.06867074367656702,0.06867074367656702,0.06867074367656702,0.020603515330104148,0.020603515330104148,0.020603515330104148,0.020603515330104148,0.020603515330104148,0.008510702306213728,0.008510702306213728,0.008510702306213728,0.008510702306213728,0.008510702306213728,0.008510702306213728,0.008510702306213728
361,1.0,0.9302363176654425,0.8459825332117157,0.808493317778713,0.6897782398288508,0.6494399643081884,0.5986084702405667,0.5383831054885498,0.4005731450133448,0.363083929559157,0.16878216660042025,0.1440344953376939,0.0724076029665702,0.003970167281876734,0.0,0.026374372842349402,0.046032082042004194,0.050723849164679355,0.07402694464541854,0.07402694464541854,0.05177330892089381,0.04828746947757856,0.010495741551247974,0.008869922010655508,0.0045831364604505195,0.0127969174415175,0.05081074399051158,0.08643194636024754,0.08112835105446035,0.07081611916289833,0.09482611139344252,0.12119973185610716,0.11426984551907943,0.10218379387148936,0.10218379387148936,0.10218379387148936,0.07493021177523927,0.07493021177523927,0.07493021177523927,0.07493021177523927,0.07493021177523927,0.07493021177523927,0.07054172356896919,0.04335346942641464,0.04335346942641464,0.04335346942641464,0.04335346942641464,0.04335346942641464,0.04335346942641464
362,1.0,0.9659849677950966,0.9319699355901926,0.8683855867997646,0.7663404901850526,0.7589719142886056,0.7400729058834049,0.6116588121462132,0.5363957016800168,0.48567468378501677,0.4058515876140365,0.2719439929537229,0.16989889630825614,0.1280841992021507,0.10693999512008213,0.12446185457820538,0.09834117848423864,0.12829427653121414,0.13662571329096226,0.15678464625072938,0.1488936964533365,0.1459914142537997,0.1752807757496055,0.1910312121743561,0.18112197645082523,0.19222686541617498,0.15130843297643526,0.1478941591459942,0.1478941591459942,0.19060624615607338,0.20247162172631508,0.20247162172631508,0.1579103289056336,0.15114728413067977,0.14643628300598963,0.14643628300598963,0.14643628300598963,0.11200846854709938,0.10620476756496822,0.04400293045708583,0.04400293045708583,0.012532563255780824,0.0,0.0,0.0,0.0,0.0,0.0,0.0
363,1.0,0.8547589420284927,0.7400378852369681,0.631133573515242,0.6548370324807843,0.5767961336627726,0.5507066698823425,0.47775230675340774,0.3530858252784724,0.3342975278724406,0.3342975278724406,0.17785319656771562,0.07127973117183446,0.029969578433975644,0.06132109962374964,0.09805544243868142,0.08736450886463354,0.08736450886463354,0.08736450886463354,0.11948370162230865,0.1403955833887843,0.14932929081816873,0.12791843458089044,0.12791843458089044,0.12791843458089044,0.13809340241529408,0.11296592541187617,0.0798648655497908,0.1063877540298749,0.13118057425225532,0.11163859710748901,0.11163859710748901,0.11163859710748901,0.11163859710748901,0.11163859710748901,0.10458301162624617,0.10458301162624617,0.09584175728949826,0.08623626234603643,0.08108319246953731,0.08108319246953731,0.06686253331409643,0.02669920867672936,0.0,0.0,0.0,0.0,0.0,0.0
364,1.0,0.9723557044056428,0.7601530891362297,0.6598488902644104,0.5906577936038668,0.5854869780741028,0.5589920650313653,0.511664904675431,0.33130830999819566,0.33130830999819566,0.2727598826847068,0.2761690322922421,0.20697793561214892,0.20208731849584888,0.21024888454698298,0.24255858077970668,0.2692994979887359,0.2529543512690953,0.16689702042496396,0.169796979692941,0.20601856025257617,0.19912742538832567,0.16604853459048388,0.1301678205422183,0.1301678205422183,0.1301678205422183,0.14183878062642585,0.1841826780984709,0.2080742136260231,0.19358707041703585,0.19358707041703585,0.19358707041703585,0.19358707041703585,0.19358707041703585,0.1675978534378242,0.1352630006150466,0.1279399173135813,0.1243823910714185,0.11922501840994057,0.059718752710825655,0.059718752710825655,0.059718752710825655,0.0059771857421388455,0.0,0.0,0.0,0.0,0.0,0.0
365,1.0,0.9112776448269567,0.8175666628966787,0.7473420288610128,0.7135834402274852,0.542082100829193,0.42693702011041346,0.44427591812206946,0.357860817221746,0.29572392077967913,0.2387313681544906,0.16129286187044478,0.09475248819386071,0.03743557271574834,0.03668192672050766,0.022471850068680573,0.0,0.013043209533787131,0.03027221502491988,0.04150129220880107,0.026865589398925842,0.04883020828984871,0.04883020828984871,0.02822955973372852,0.05176592790856704,0.05176592790856704,0.08981003555510053,0.08943655577200973,0.08329715218791897,0.11313245981532263,0.1281717664819012,0.12554129472115166,0.12554129472115166,0.12554129472115166,0.12554129472115166,0.11676891440909326,0.10156616193144113,0.10156616193144113,0.09591839318368088,0.09591839318368088,0.09242559386713158,0.09242559386713158,0.09242559386713158,0.0657693682664682,0.0657693682664682,0.0657693682664682,0.0657693682664682,0.0657693682664682,0.0657693682664682
366,1.0,0.9634517107773537,0.8004162874413944,0.7244417760072303,0.5947070807370675,0.420966262185996,0.3728871028793523,0.31861349066259104,0.30422079101618166,0.2244367047235858,0.19327037645492992,0.09692941299206913,0.07143132679731655,0.03521222706872979,0.03521222706872979,0.03521222706872979,0.027996257983375007,0.027996257983375007,0.0395200587543274,0.04337464053467286,0.03996656158227024,0.036495145447745125,0.04993571044181853,0.0,0.04932277793928085,0.04255698575149874,0.05249327478016766,0.08756207894917575,0.13886518392528813,0.12698269264283993,0.16127094290352856,0.15525255160632428,0.14628760792080728,0.14628760792080728,0.14628760792080728,0.14628760792080728,0.14628760792080728,0.14628760792080728,0.14628760792080728,0.13472928709852897,0.13472928709852897,0.13472928709852897,0.13472928709852897,0.13472928709852897,0.13472928709852897,0.13472928709852897,0.13472928709852897,0.13472928709852897,0.13472928709852897
367,1.0,0.8556228450034473,0.8797543733182546,0.7440190196324101,0.5996418647174439,0.5467197548333058,0.517927087678629,0.5664201219666513,0.374624311438701,0.20578313041678684,0.15756523332245626,0.05917676857827886,0.011051050255159735,0.021891402008394113,0.06756133179252306,0.05442750516110601,0.07027640098617648,0.08849600146357749,0.12561801956318133,0.1661098769413313,0.10806074901573921,0.14879177385020306,0.1589427718949277,0.15293362111720726,0.15293362111720726,0.16301461924075616,0.1250894996040899,0.13911976682994887,0.19803143791437564,0.19803143791437564,0.19421524921994684,0.21729201697052408,0.2152805154162047,0.2152805154162047,0.2152805154162047,0.17349250100380956,0.1623978112895891,0.09039195702827632,0.031520392694539275,0.031520392694539275,0.031520392694539275,0.031520392694539275,0.025680395482515037,0.0,0.0,0.0,0.0,0.0,0.0
368,1.0,0.9556505715022725,0.8947211458101693,0.8130067354501067,0.7139644868529388,0.7274080920473507,0.6716736456923098,0.5831473594206983,0.6101981994558351,0.44676937882113643,0.4388640409044877,0.3878825135750534,0.2279838058428599,0.215879053651207,0.17588953157483964,0.17800387379872334,0.1965981220619503,0.20935263753038139,0.22334785372371635,0.22841648644864254,0.16219940147565337,0.16770628647882596,0.18070899071418176,0.18070899071418176,0.1609362967600029,0.18127765693910658,0.19809144232115422,0.1849209941878172,0.1849209941878172,0.16258053954030766,0.14638088108323097,0.12407365821845663,0.059977458139996935,0.059977458139996935,0.049398642531146515,0.03400162835314734,0.03400162835314734,0.03400162835314734,0.02709196041043115,0.02709196041043115,0.02709196041043115,0.02709196041043115,0.00705903262176497,0.0,0.0,0.0,0.0,0.0,0.0
369,1.0,0.8818522698963996,0.7367157904707607,0.6626584077333396,0.6124630593804874,0.5799047152760386,0.5123650708147447,0.48871947967016843,0.49035757606199654,0.45630676523735564,0.42746316934929146,0.2810818042405947,0.2031087367749847,0.12905135401663867,0.12905135401663867,0.14384100655205478,0.15370693492776097,0.15370693492776097,0.1966946409672801,0.2186396123079848,0.2186396123079848,0.2022360976932826,0.2022360976932826,0.2022360976932826,0.18989840110806322,0.1752311696550471,0.1852733282973999,0.18836254090036714,0.16458019425185375,0.15707699847678608,0.14345645555322561,0.15886047098707154,0.15886047098707154,0.15234780985728114,0.15234780985728114,0.15234780985728114,0.14778718497928436,0.09774140118393564,0.009891774813569676,0.009891774813569676,0.009891774813569676,0.0,0.0,0.0,0.0,0.0,0.0,0.0,0.0
370,1.0,0.9811645176418585,0.8063734771944651,0.7942607704101327,0.7349075041211093,0.6784303615968038,0.5590819655825064,0.5110079687159672,0.4275646963459264,0.4075269776773908,0.35945298081628463,0.2547722436513273,0.13462544755000175,0.12421520440385296,0.12421520440385296,0.09173826558312496,0.1136168994478123,0.15649252101148525,0.15649252101148525,0.1881102027204013,0.2235559408772417,0.22119105893047122,0.23196014476201965,0.23196014476201965,0.22660748000486972,0.24309460664272045,0.17800009044968007,0.2124146157109111,0.16465858832609223,0.1680124918203257,0.14573639288430068,0.13645303676132794,0.13297684330083945,0.11882805003442772,0.11882805003442772,0.0893085708062787,0.08076443357025233,0.06575697277871473,0.033924722047737284,0.033924722047737284,0.01355159949071846,0.01355159949071846,0.004906406205551253,0.0,0.0,0.0,0.0,0.0,0.0
371,1.0,0.7680164998024754,0.7176299190804082,0.7357392165738227,0.7214201315393037,0.6764572624799219,0.5437375300485038,0.41216984931135037,0.43937165765448566,0.2342215606626429,0.21519399128965283,0.13204456371457854,0.17111400040097452,0.17111400040097452,0.17512473433919118,0.17512473433919118,0.21050901979778155,0.22411603131445232,0.23285577799101242,0.2131338170538848,0.24585525217739096,0.27431281758441595,0.12331480585939195,0.15029318736250302,0.11506576811869969,0.13870251103861736,0.15681930548225165,0.15219021335982624,0.1468467493358163,0.1400845998729941,0.1657155464698175,0.16332960548294131,0.16332960548294131,0.16332960548294131,0.16332960548294131,0.1553316520436161,0.10156780376365115,0.08275364094687321,0.05070387698227103,0.04428563609695078,0.04428563609695078,0.04428563609695078,0.04428563609695078,0.0,0.0,0.0,0.0,0.0,0.0
372,1.0,0.9586891672526592,0.9979656216015981,0.7999927911491788,0.562910198054467,0.5233156319483213,0.42836566055194597,0.29360333348760165,0.17481963518471447,0.15201094709721974,0.15056353772115474,0.11923633829485249,0.02945852739979421,0.05315777626626809,0.037643756399856745,0.0,0.027620184771852928,0.03472156296912374,0.052264420257206755,0.052264420257206755,0.04560319647707897,0.06463128514757022,0.08284473512423941,0.09431855502445632,0.108809500834601,0.13629158315329748,0.13629158315329748,0.1464813312347484,0.13082829045779568,0.1286726531959415,0.15007002508565875,0.12340076826074149,0.10026531569961172,0.08328881099852897,0.08328881099852897,0.08328881099852897,0.08328881099852897,0.07794594261110413,0.07794594261110413,0.07794594261110413,0.07542423812962235,0.06651154010827069,0.06651154010827069,0.06651154010827069,0.06651154010827069,0.06651154010827069,0.06651154010827069,0.06651154010827069,0.06651154010827069
373,1.0,0.8854137381145326,0.8351511201157644,0.7840094481726207,0.6758294679432518,0.6418960123170807,0.5922785334800282,0.5646212880341122,0.49675437678177,0.4628209211555989,0.283872890278692,0.24526147543274934,0.10129927874996544,0.0951056457830621,0.09258558883889148,0.09258558883889148,0.09258558883889148,0.08416210389189596,0.12015591019637281,0.12015591019637281,0.1288559738445209,0.1298973752161174,0.09020592721494693,0.10801365158388117,0.1346046937367604,0.10758925198703154,0.09205014724569686,0.09205014724569686,0.11669197203398347,0.06643629257897057,0.08206283923240738,0.08206283923240738,0.08206283923240738,0.05936448976179034,0.05936448976179034,0.05936448976179034,0.04235275706148361,0.04235275706148361,0.040534141284035693,0.03492360456402401,0.03492360456402401,0.028989262443209422,0.008898882989054342,0.0,0.0,0.0,0.0,0.0,0.0
374,1.0,0.8188376941246108,0.6647268795868038,0.5919532361645928,0.619666250121568,0.6107714421008176,0.5151600068365754,0.5112067334577021,0.44746577662688036,0.39802712462761974,0.36615664621400995,0.3192517926438809,0.1777235404736633,0.12236286522417086,0.10825383650473114,0.12448869386566339,0.13824791462112998,0.13824791462112998,0.13824791462112998,0.14396525982957836,0.18011118639938273,0.18011118639938273,0.1521313940881666,0.08795870902834646,0.10178948466511208,0.16069119711461125,0.1754405063890778,0.17306618829169407,0.1583275661314675,0.16636327201416026,0.14225775022276785,0.14225775022276785,0.1399532206252423,0.12300531097857147,0.08617249204441726,0.08004139505700067,0.05794207136722149,0.04536107732490471,0.03325297584697467,0.03325297584697467,0.0,0.0,0.0,0.0,0.0,0.0,0.0,0.0,0.0
